449.8417
386.6756
502.322
303.8477
357.8349
525.0651
729.2916
738.1537
565.6059
450.7136
446.7711
644.3039
537.3076
483.3626
411.4655
391.8622
684.5584
678.1021
912.7585
686.6567
977.0709
707.5747
633.3759
634.4232
623.1332
737.3434
614.9763
503.5432
541.5558
504.9114
215.5558
186.3228
244.7866
340.8733
193.6797
394.0585
404.0438
514.8128
380.286
433.9575
462.3435
381.0211
424.2657
528.1079
486.423
442.7572
596.6126
536.4672
662.5496
541.8482
888.0178
819.3177
832.464
712.3136
783.5058
639.4956
694.4174
409.1431
415.9649
543.5652
531.1986
604.9218
747.9528
666.3418
612.7101
971.0593
769.4361
578.9173
525.5511
460.1613
363.5046
413.4115
541.9861
388.7263
423.0438
337.5175
373.1136
364.8555
290.7933
287.896
296.2012
257.0032
397.0432
400.3489
341.8108
388.363
474.1234
420.2611
420.32
452.0963
668.7944
659.9405
499.9328
504.2539
509.8914
528.3049
346.5252
337.7339
414.7443
383.8538
472.217
522.9523
564.2941
643.672
563.4418
607.7281
607.9416
616.8144
437.4238
620.4116
633.6866
653.7455
567.3417
455.8196
342.4786
417.9851
760.1646
849.9539
580.4216
584.9642
577.2185
612.6701
628.0461
557.5284
423.3184
324.3604
615.5068
550.5956
445.8836
425.0392
321.6457
391.08
463.6991
520.4543
504.2507
471.5787
593.5536
646.6888
588.9169
359.5362
489.3062
459.0165
414.3705
568.7465
439.2305
560.3058
593.8461
570.984
552.1543
453.3663
384.618
466.2779
526.3143
332.7708
344.3954
293.9105
305.1198
482.2939
380.8004
272.9798
219.3608
416.9858
519.4784
648.8842
660.1868
697.7682
701.5198
520.7947
594.8135
827.3733
589.9245
561.6137
428.6606
502.9279
533.0533
531.8995
440.4993
336.4974
701.1118
519.3386
593.9664
573.4423
515.5872
597.7049
584.4132
678.6033
366.9868
248.9283
389.0164
513.134
617.7832
760.4251
647.4855
787.4304
463.2836
461.3324
467.9679
541.3604
320.9265
417.0962
337.2526
451.5901
474.4244
300.8125
201.8013
249.3188
331.3732
309.0449
398.0058
289.0892
330.9477
572.8616
647.8675
490.1033
589.526
461.9906
574.7558
543.5259
446.3571
478.5932
425.2247
458.2226
377.1159
486.4588
617.3253
659.4312
744.5712
659.2103
586.303
789.6564
398.6825
435.5186
303.6091
390.9345
377.035
522.3913
592.7498
576.134
642.5996
600.9764
701.3767
854.3713
659.9229
688.4279
703.5892
749.6487
742.5707
515.5968
373.4862
497.9377
489.6473
526.5175
522.5463
412.6086
572.3076
493.8542
953.0524
1036.78
839.3058
858.383
760.9286
623.8291
486.2202
422.5648
657.3671
341.7838
386.7678
333.2188
278.8801
381.8976
470.9722
475.4987
528.2193
831.8504
435.6867
481.1712
539.2648
296.3475
340.9899
342.0381
436.2664
370.9704
377.3437
418.679
381.9452
478.1069
492.3803
552.3564
480.468
691.5755
592.403
628.9858
710.7344
516.1616
297.8652
379.1185
540.9515
425.057
580.2083
486.4097
472.9897
364.0429
427.0299
401.395
607.8842
640.615
582.6236
518.8061
466.7827
613.0989
506.0638
443.1189
372.2577
286.9575
389.4088
387.7954
488.9453
481.5896
432.4061
306.8692
546.4866
585.1788
543.1283
482.0153
434.7532
300.296
397.399
393.0963
403.2034
486.1494
736.5032
883.0403
535.4363
556.2768
368.7599
316.0993
356.7758
427.3525
315.9499
263.9984
235.9526
254.8533
182.128
143.3158
253.6842
214.575
183.149
239.531
360.3537
373.4208
253.3572
442.2226
657.5244
397.3021
390.1134
636.9823
460.9679
379.336
268.4594
365.7611
266.6541
214.0661
386.1289
479.5467
497.7396
479.2391
624.6562
620.4844
510.9153
542.2121
697.4552
917.0601
690.4458
975.1934
950.083
865.4138
944.2124
659.5623
703.4385
708.2569
602.7903
546.0077
628.7211
484.9774
851.954
771.6406
716.9722
828.3214
889.9987
731.0586
809.1253
759.8423
664.1481
530.8923
633.8862
639.3233
556.77
389.4904
527.392
557.302
732.3254
551.3213
545.9797
468.429
440.5466
494.6167
583.1589
701.0859
732.4126
893.6938
902.7195
767.8348
704.109
913.5109
1152.343
814.1833
449.6623
678.4583
829.3693
468.6747
417.5404
434.1329
404.7566
380.5302
327.2042
443.5657
517.1626
443.4443
499.2589
202.3262
214.871
176.1074
308.5858
408.2687
457.3018
458.3422
467.0816
537.0309
478.7941
477.9904
546.9705
437.679
400.4028
440.6251
450.4417
421.738
426.4806
385.0457
450.0136
468.7911
412.4384
692.7212
461.4355
237.6773
289.0245
328.1962
327.5327
334.0633
333.0947
378.9625
280.1016
313.1466
355.6693
501.0555
459.5765
526.1605
484.1239
458.8817
591.9612
796.9957
611.58
703.4154
777.9088
599.3324
513.0562
550.4307
780.4559
797.4461
719.4582
668.3856
558.0157
629.6071
761.6861
672.8569
572.4245
585.9446
420.5618
306.6314
339.4542
407.3887
492.8923
790.5714
683.2663
951.4965
668.4381
683.0562
607.5227
665.3079
478.9368
319.5737
288.8605
297.3177
273.0142
346.9403
413.9478
449.5735
347.7403
336.6656
170.7547
117.01
118.5668
152.8737
268.5012
363.875
476.8478
419.2855
412.3918
488.6687
433.2921
492.2651
336.879
350.7841
453.0334
411.6816
480.9286
415.55
384.2658
435.8671
607.2535
698.0945
559.1708
816.2308
1127.976
804.1797
704.9402
666.6052
363.8936
369.9774
289.8214
241.811
249.7635
257.6534
301.4122
256.8766
174.8363
164.0075
229.9813
252.9701
613.2514
682.5974
519.3574
674.354
692.4816
656.6363
686.5256
610.0782
405.4731
486.3825
408.5202
253.6519
316.8212
358.0489
283.0938
375.9283
378.0149
397.2975
441.7948
680.8222
563.9785
709.8277
754.3455
869.5064
308.8931
369.8846
456.4292
419.5228
592.882
523.5473
622.4324
765.8825
737.9376
362.9472
397.1204
523.1684
551.2779
604.5416
885.3843
653.0565
723.9333
569.4587
513.8916
743.3722
624.0361
417.202
411.1625
723.8102
808.0695
535.2685
460.6353
335.1289
456.1251
568.1655
470.8967
619.2599
499.2971
575.7293
397.1933
203.2926
349.5594
393.3259
602.4535
615.3391
616.4122
538.5124
790.0605
670.3305
597.2997
542.5052
653.5209
596.8005
721.211
643.3252
614.6021
579.9492
558.2213
455.0857
501.4738
565.9516
520.7759
406.8376
861.2688
544.0004
512.5458
544.19
531.6075
611.8627
513.8382
470.1652
321.5169
317.5091
293.7438
244.8081
489.2102
612.3973
603.2395
680.064
779.0442
596.5017
512.7476
514.4177
592.9314
393.8758
498.233
445.7166
329.145
410.8928
337.9322
231.3539
151.4658
148.9046
429.3998
320.0104
395.2589
423.8958
464.343
578.4973
314.7614
391.2383
381.2416
548.0141
493.8883
541.8687
597.3316
412.1063
782.286
619.2371
689.1863
681.9826
850.3478
796.0645
399.3561
333.4978
486.8677
371.675
534.9992
599.851
451.3363
365.4508
326.7162
601.4721
471.6575
466.0679
378.3255
276.4578
289.6455
465.1088
393.2098
456.9941
594.0771
524.3669
735.4385
606.175
497.5056
465.9585
432.9955
316.4988
272.4156
316.9978
385.2938
452.251
413.4289
394.8321
494.0936
590.4166
375.0638
390.0481
249.7859
415.0809
500.2325
671.9995
632.2906
662.6351
619.5197
640.4967
755.7586
708.2181
923.3617
909.8227
556.7489
713.8236
673.6495
708.4127
663.7718
598.3467
818.4442
695.6554
517.0935
708.8484
650.0248
855.0665
665.735
545.2007
604.3693
577.0066
516.278
430.0037
431.8728
469.3145
424.6163
646.0808
689.7799
762.0846
501.142
409.647
385.9716
419.0298
307.0211
440.9707
569.1429
769.6906
503.08
532.3976
437.1908
469.9539
498.1793
609.4183
569.203
682.48
688.8094
587.1001
628.9847
461.0968
527.8162
552.7909
420.385
236.0829
319.157
350.5348
355.6409
389.9238
679.0218
557.2699
678.0896
469.7204
549.0982
786.8232
652.6466
387.7057
646.1801
471.3955
693.0442
606.8579
568.0883
539.6269
441.3198
399.9209
424.4304
361.4
439.343
546.4902
763.112
740.6341
558.4493
612.676
456.9167
526.0544
536.6567
633.1951
502.9889
393.9858
529.0941
390.7936
443.1094
323.8255
450.7756
310.4735
232.1386
295.513
299.2719
320.6634
262.6355
401.6307
493.2218
326.6209
320.6276
333.6995
367.3527
441.0513
515.6103
519.2217
560.0954
320.702
310.5423
411.0257
560.7976
689.056
810.456
706.7625
585.8246
496.3684
644.9504
618.0472
640.1063
623.9506
663.8785
859.3542
688.3118
776.7874
607.3344
658.8069
736.8381
438.4521
778.7617
563.6179
421.1821
670.6634
560.2902
488.6692
375.5644
326.0796
386.5702
363.4198
487.4028
277.4709
292.3612
369.7372
300.1703
348.0051
369.5708
484.9408
436.6869
402.5457
540.0705
630.5444
652.0911
424.2326
406.2302
508.2529
558.8005
601.7962
592.2242
632.1357
279.7264
321.3173
411.6638
452.6437
373.2821
292.142
414.6776
380.7146
280.8488
170.751
155.2726
264.6496
338.5222
310.3239
374.3474
438.4676
558.2548
515.7271
463.6823
864.4319
686.2958
797.3619
523.8086
649.0443
594.971
521.3419
539.0836
688.1648
682.0563
714.2752
828.6969
707.6839
608.8871
776.1358
811.0936
825.6807
725.1953
731.1604
627.8449
812.8669
702.8613
786.8198
708.0327
877.7372
818.2295
857.9908
578.2811
584.6781
519.6512
653.2319
494.1349
548.6309
701.0102
771.2882
490.7447
549.4563
297.8538
282.4087
173.7278
183.7176
247.8141
492.4053
291.0581
538.1666
383.1902
383.5214
493.8002
630.9685
562.2661
682.0358
499.1714
740.0792
628.3646
623.2514
588.4852
481.3542
581.6209
507.6743
617.1365
435.5122
646.7817
586.0116
675.9172
808.6629
499.8017
500.2471
865.4806
658.06
565.6318
465.8917
438.9415
647.9649
477.0807
409.5776
544.1729
500.3807
521.5687
559.8207
500.3496
506.6519
447.8797
325.7988
380.5097
547.8905
649.0409
670.6362
807.2426
882.7224
682.1335
606.8329
698.1745
590.8804
642.3238
735.7678
617.2998
822.6769
509.1603
712.7261
836.883
742.1786
421.5591
236.5608
149.0162
326.7919
352.7883
345.6972
303.6727
298.7291
362.3438
279.2111
341.9919
415.2152
624.5906
492.5032
589.3733
547.4406
451.0395
588.1029
910.4797
663.9406
527.6356
685.333
680.9884
593.1583
433.39
526.5927
578.6149
648.9632
694.1198
755.9575
593.8019
446.7128
624.5354
622.9014
769.3462
907.5452
700.237
735.7472
643.9232
754.9769
495.5949
597.9095
449.3471
384.1429
323.1526
397.2327
473.3913
569.817
502.7511
544.8779
427.4378
446.5164
631.6253
595.0065
493.4829
402.7545
490.6271
522.1327
457.3417
503.6691
338.2047
323.921
243.457
208.2254
240.1171
262.2903
303.807
465.5376
559.1959
367.5754
379.7683
296.662
270.3067
200.9817
356.2756
209.7569
293.2178
449.7179
461.4254
515.813
574.0426
423.0703
416.3497
305.6539
320.0933
279.3836
296.0227
312.3355
345.8046
396.2983
406.629
460.6808
726.9196
554.5944
413.9066
635.1881
639.5019
771.0358
917.0227
566.8212
567.7347
578.4843
553.7737
631.828
797.338
636.249
686.4774
378.6635
404.7138
574.5402
567.7864
723.9545
471.7795
502.4576
712.6799
618.547
675.1059
810.5829
656.106
438.0287
440.0326
466.088
518.3157
479.3456
489.2318
457.5716
549.132
402.8756
645.6746
517.3647
528.1529
491.1257
711.2016
507.787
441.0586
466.9512
605.8849
680.4774
580.6315
792.8807
631.6573
455.9797
483.1664
414.9298
446.2091
606.0669
546.6417
763.9917
561.8018
615.0444
833.3497
679.9573
484.204
324.7462
448.2514
442.5102
537.6022
431.9504
466.0182
436.0699
633.5096
591.1533
859.6866
652.6001
651.5734
617.391
686.6913
687.3681
468.4748
297.3701
266.1005
230.171
259.2387
241.4637
175.9238
191.1901
277.0442
214.7576
131.279
159.5127
189.0296
268.0374
274.614
427.0181
393.6016
312.4545
309.5272
227.9897
326.7646
267.5031
346.1625
517.337
409.3597
453.2603
512.6389
489.8278
401.0203
522.5508
590.1224
815.7179
673.3277
817.0062
688.2626
507.3931
454.8644
464.4839
410.7517
796.2858
710.008
961.607
479.7629
422.0922
432.709
413.8516
241.0285
207.1861
394.2797
333.4262
477.5441
307.2647
235.1307
332.708
370.1516
208.8908
202.3413
243.4062
350.2838
523.9509
653.8698
760.715
546.4142
764.4556
642.5237
759.9855
632.0665
570.1368
559.3676
467.726
364.0398
418.7228
543.0748
423.607
344.3065
512.15
670.7625
391.4679
266.8105
351.7906
228.2535
252.965
384.3134
604.0172
857.6712
679.2931
940.8743
917.3276
1021.033
837.653
764.7805
459.5771
666.0054
663.9815
814.7924
815.0856
738.952
800.406
721.8529
949.3248
741.8198
756.184
583.304
531.9864
372.4778
510.4307
445.7683
523.0268
463.3862
469.6817
407.7389
817.7773
691.0556
476.6709
530.428
594.6006
459.1045
417.612
571.6087
407.6272
633.5765
475.0696
625.6391
578.3593
567.3531
552.8405
456.131
561.1473
528.7235
505.7221
409.1937
378.0693
374.7112
300.2357
312.0277
224.2363
308.8155
333.9389
350.2024
516.1422
682.6454
648.8429
427.6603
434.6404
456.5025
425.9987
566.0285
766.8582
606.852
926.7501
759.2016
605.3842
847.865
738.9349
649.7003
747.7859
868.0929
785.4058
720.5952
729.7051
577.4586
464.7325
577.2816
750.5727
739.4618
636.0126
680.9119
938.7258
727.2217
565.2767
847.7158
805.9832
636.6109
535.5186
483.469
620.5037
354.7891
261.4721
261.7882
258.5908
343.5093
480.8213
354.9951
481.1956
317.151
504.1216
454.4047
552.3205
538.7049
550.5845
623.398
731.4732
606.4402
588.6244
671.2329
603.319
657.1656
529.6302
389.6902
518.9828
423.9171
526.4017
563.8945
543.5665
669.697
677.2734
600.3509
546.9047
533.585
385.1264
638.644
557.3848
679.012
660.6423
620.0828
745.2446
445.1362
638.0715
787.757
634.6397
543.79
581.8895
615.2527
493.8882
604.2085
587.6801
512.4032
769.7057
527.1822
751.9848
530.2193
542.9619
679.1859
752.8046
888.0935
731.414
639.4265
745.0832
518.1469
635.3135
592.1522
570.0464
521.6412
493.0292
561.8915
745.253
681.5765
679.4443
926.314
759.0207
1064.978
650.8735
625.4554
466.5732
470.4557
352.7258
522.3534
628.1517
457.5518
697.4546
562.4036
582.8189
406.9637
609.3295
731.8452
408.8818
545.4899
535.102
501.0954
342.8409
300.0808
355.0718
368.159
344.4803
379.2124
382.3365
348.9459
378.7835
360.7183
380.7044
277.8929
210.269
364.9042
558.4418
396.562
492.2971
472.7716
532.8909
477.74
583.6123
532.714
592.2797
658.5225
539.1555
692.7085
739.3152
699.4405
862.6472
708.3509
519.3572
608.7234
751.6524
540.749
600.7816
549.7667
644.7945
806.7326
523.6517
427.9607
432.6925
455.0165
504.445
453.4043
416.3651
525.7607
406.318
276.9266
480.7547
435.8867
498.5227
450.0274
311.9992
317.1066
362.3494
314.2018
321.6361
346.8601
614.1795
714.8143
456.2006
776.9558
603.6091
540.3688
579.463
428.4899
556.9746
455.6287
412.1916
589.1968
467.7608
401.5619
360.3102
574.7938
544.9819
572.4749
596.2019
505.2873
752.546
541.1124
407.1492
580.6207
329.7205
178.3255
341.2167
403.1991
404.9332
532.5987
573.3904
988.5993
632.8195
637.6156
541.927
741.9653
695.4912
536.9377
653.9915
685.2289
608.2321
628.9398
656.3321
610.691
502.3031
582.7709
590.7955
823.8256
840.6897
724.7171
645.3999
881.4314
851.022
846.0179
938.525
646.6964
518.4242
689.9962
581.0885
357.4796
396.6765
312.2502
275.4392
395.2602
518.7001
546.3213
684.1701
801.5554
781.3006
767.6257
848.4813
1028.336
662.3946
721.2193
812.3249
657.8685
523.0759
636.5735
610.4667
870.8398
707.5877
678.1885
713.0523
803.2066
763.8436
564.1609
676.6474
511.3484
689.4822
707.4612
667.3661
447.8272
609.6251
547.944
415.7606
314.4629
339.0756
432.2248
468.7203
257.1988
294.201
304.4763
354.1251
279.6112
243.2133
204.571
324.6153
442.1655
748.9913
612.9762
421.4367
553.2835
709.3722
400.2612
626.7696
600.3212
734.1919
539.0584
532.7767
715.1786
630.1278
723.2975
676.7237
717.0823
819.8492
824.8497
587.0485
466.4143
448.7354
349.7813
415.4671
387.1808
347.574
474.0963
426.0513
359.8245
314.5429
400.9792
493.7608
432.9946
477.4753
509.372
573.2094
417.5619
476.9805
391.9256
489.3102
634.1865
560.3107
582.5113
627.4687
585.4631
638.7152
571.6457
593.2861
578.9011
897.2537
693.5238
759.0381
657.0207
573.4933
724.009
568.2671
689.0372
671.796
639.5729
776.5149
751.8326
696.4679
460.088
490.2037
453.7396
390.0495
382.1516
336.7768
512.4476
575.4912
707.0631
565.8577
642.626
705.1602
745.121
467.1295
486.2809
732.1296
570.9246
824.3687
486.4592
366.9518
502.8942
324.1635
335.6691
381.9118
245.1947
242.6821
351.405
451.5694
378.1226
435.6513
624.5813
617.5383
558.3093
764.603
783.5947
585.9758
609.2192
799.2588
675.6219
402.2684
395.1256
571.431
400.6621
426.3609
654.6358
617.1726
619.2831
556.1627
453.4458
476.7772
445.7755
483.2163
758.4062
702.4509
440.7348
568.0857
706.938
637.0214
565.1954
653.8546
693.4826
416.3078
674.8499
574.2295
456.5089
530.5074
374.7408
487.5757
458.0436
437.0182
597.7222
562.8186
607.5812
757.6633
709.874
572.5313
627.41
755.873
590.6177
495.2368
483.6033
422.7235
419.5059
491.7176
641.8721
399.3304
280.7526
388.9697
487.8991
672.7461
741.106
609.7255
561.2601
368.7645
449.1904
461.049
401.1378
475.2415
297.0163
281.4418
261.4729
251.2959
473.2358
682.9223
823.3224
793.5408
615.001
534.3078
494.5486
262.3637
377.9466
544.7596
449.652
354.5677
355.9794
512.4608
480.3991
364.278
385.7252
438.3318
470.1389
454.1818
418.0264
354.2537
273.1554
363.0141
409.7858
481.9855
532.3859
506.9296
486.4581
437.1308
528.9559
604.0392
566.1732
566.8785
404.6181
323.1496
423.7519
278.0467
163.6061
247.4556
346.29
297.2262
346.9533
413.0934
399.2062
685.6217
494.6748
655.7032
671.7398
775.8814
619.0799
423.2132
489.8378
402.391
554.4708
369.6156
594.6824
653.4684
526.0094
561.8077
599.9908
776.0469
626.9369
402.6767
487.1943
359.7928
417.0156
408.4231
432.7859
398.9315
343.1907
399.6351
460.1368
484.2339
561.4133
458.6741
409.1397
286.4365
199.7585
184.9954
249.8325
348.2454
435.6764
694.4953
575.8444
395.9509
367.9551
310.3088
512.7427
486.6954
543.1759
667.2562
540.0893
533.1185
357.2766
304.4111
425.4819
320.6343
397.5855
459.8116
399.3426
450.9438
289.382
208.1714
290.208
327.326
321.0743
362.7271
435.3815
417.3887
454.7767
490.3074
521.1094
549.1219
691.4485
563.8237
367.5414
326.0681
429.3893
467.1324
588.8396
582.7168
827.6899
757.5566
584.0964
666.1029
521.1875
656.275
552.2832
412.1129
317.042
325.3192
327.8004
361.6998
434.5682
354.7509
403.8537
205.3292
289.523
176.3721
249.2003
276.9834
300.8451
336.948
639.4452
486.1374
525.6897
354.4977
310.0705
298.5483
370.6245
382.1631
346.9686
398.695
355.1636
444.1714
390.2758
402.2569
258.2898
295.6366
239.2434
338.4618
288.3605
234.8223
333.065
335.58
308.0138
272.0433
530.6443
615.2998
665.2802
627.5885
680.485
748.3254
728.7339
772.7468
797.5596
749.8755
918.718
574.2568
742.8804
404.3096
367.601
367.5066
564.4991
487.325
553.9888
462.1
484.4898
635.9736
519.9043
372.6088
347.478
425.928
571.0282
758.2148
701.7573
587.6741
591.8297
446.0098
494.6665
447.3038
584.3076
595.5092
379.231
429.4765
641.6285
542.1257
685.0384
702.1081
616.4547
831.0432
709.4067
841.3842
839.087
698.8716
641.5127
483.0986
415.1907
535.9263
553.6241
557.3507
419.3244
440.7907
386.3302
457.6386
484.812
588.6069
686.1078
682.467
580.7368
588.9117
353.5033
398.9913
363.3645
436.5767
472.1442
227.1932
419.8456
325.994
403.0567
356.0177
256.0441
292.9343
444.6012
536.3681
625.087
595.119
610.2593
554.2894
707.7939
391.2463
583.1988
561.8075
477.6868
465.6258
564.452
594.2621
866.5843
742.2814
528.2959
367.5282
252.048
435.8519
463.2424
388.0049
550.9797
376.2985
221.7919
187.5852
256.9408
268.5298
310.8386
346.1567
293.6394
395.7419
365.4518
333.8258
509.159
443.4595
386.2266
568.6953
439.0777
266.0634
425.2088
417.3411
334.5537
506.238
426.0132
476.4971
435.4537
483.8645
449.7308
448.5087
471.5216
611.9364
641.1807
591.9262
509.6202
589.1593
511.1268
832.9858
438.6671
633.5844
514.902
392.7731
514.5948
770.0361
617.8249
556.8085
546.2304
841.2143
692.0332
614.6426
625.4164
738.239
729.2228
833.4988
600.9376
499.0046
213.0498
294.7395
277.4571
310.1303
391.6108
349.7433
429.2561
329.845
451
541.5069
420.6201
465.0037
457.0886
634.0853
468.8119
584.1034
358.9756
295.9737
323.8088
272.4373
232.1037
278.7008
474.0082
420.5325
400.2963
368.5763
221.2636
210.1039
232.6453
358.3959
456.2939
677.6683
882.3956
577.7064
648.7873
612.668
627.0295
622.9151
562.5826
576.0738
513.8869
695.583
641.4579
677.0812
450.7509
308.6625
297.8163
217.0353
166.3102
190.768
165.3311
163.6563
184.7367
291.0479
410.947
321.18
300.1944
618.471
554.2591
675.552
709.0121
807.242
749.4774
979.5983
664.6521
804.1361
674.9429
618.6276
723.4215
551.2949
510.4203
441.0243
438.3654
589.7248
438.367
658.0325
682.8762
347.5166
446.6713
297.8382
504.2862
597.1052
473.7468
524.1708
759.8639
594.2584
726.3521
414.0222
449.595
485.4435
643.9545
591.2532
871.1786
712.5992
755.5569
537.7034
808.9547
515.8856
491.227
628.0492
687.6806
741.0003
553.7004
649.0377
613.0843
773.3651
777.9351
759.4008
517.6938
579.7596
522.5288
508.164
522.3772
364.2377
227.7558
378.827
322.373
330.4629
502.0493
263.757
326.7082
378.0404
302.3221
232.2322
220.6976
192.3571
344.0129
411.7634
358.4395
324.1338
291.6096
389.1731
601.9208
517.7584
579.7577
802.4226
676.4896
637.4735
383.261
279.5218
302.3985
436.7972
504.3282
599.4935
537.5014
358.573
423.2457
407.4653
542.9843
651.5972
508.3335
697.7036
830.8076
535.1354
350.9675
435.459
464.2024
401.7886
457.2962
390.2648
535.3367
660.4057
527.1516
486.4667
574.6503
544.6218
397.7199
383.8737
265.7264
180.6014
182.3248
285.0412
428.2162
272.6609
237.0108
182.0762
335.837
659.3643
446.8991
476.1694
741.8449
650.3208
476.7084
489.0493
287.5193
177.1986
279.5862
218.1787
143.2344
172.4896
199.5316
235.3153
285.7609
326.0763
423.0503
361.5892
273.1841
238.916
255.4727
328.1513
379.3321
399.1704
334.5976
274.1434
322.2947
336.8646
338.1441
333.0669
290.7473
291.2839
256.3079
370.6647
504.9532
453.0665
399.9131
370.7412
526.2639
531.4167
420.7627
458.7152
398.0482
424.7811
435.6599
406.1415
367.8526
306.0447
401.5336
363.4851
426.0605
774.1645
752.7561
590.9822
369.8614
522.1198
553.5136
457.63
434.7655
343.4216
368.0067
406.5722
387.2022
466.1998
494.2065
519.4218
566.0285
922.217
584.2589
812.4466
709.9072
748.4977
572.117
853.693
760.9387
571.9627
731.2405
482.6052
580.4629
819.7496
582.7638
877.8267
556.521
699.7169
447.7881
636.7838
507.7301
557.6928
416.0354
300.9393
368.9065
664.9599
900.3926
568.3308
591.378
662.0678
530.979
482.4761
348.6007
366.1282
383.6187
363.4717
570.7216
571.6912
559.0442
601.6898
607.6129
595.7472
649.8803
704.8794
574.2912
679.9577
604.2531
660.3571
439.5417
667.3282
975.8226
462.2287
571.7721
349.2384
419.4806
575.0288
434.9239
481.9525
542.5095
717.0485
772.3254
782.553
632.5346
683.921
393.3988
442.4561
387.1078
403.8753
368.8125
530.5124
596.0106
570.5601
436.5206
243.8411
371.4734
271.5386
330.5511
414.9376
603.6776
504.3059
545.7025
467.1319
422.1816
597.7395
455.4899
426.2921
506.596
404.6946
320.3592
284.2536
198.4657
279.3946
428.4187
447.4004
295.1171
321.2076
230.0768
251.4951
276.9943
396.6681
238.2953
351.3819
332.4683
452.4353
304.2351
263.7065
417.7645
499.0447
333.6484
344.1796
625.4157
398.8086
653.5309
675.3397
642.0149
557.2205
567.6818
481.6235
465.0311
444.6874
557.3293
555.1431
523.7921
463.1226
511.8476
465.0945
549.5431
555.3989
373.9179
346.9904
351.1894
487.7552
401.4306
327.119
732.2865
551.9983
685.2151
853.9432
822.934
566.6084
539.3978
611.5075
678.8739
461.6077
551.0529
701.2961
442.61
495.8677
427.5931
642.8963
792.7426
909.0269
674.336
607.2125
635.3607
508.7102
553.9983
508.8518
682.7017
977.284
926.2302
705.9533
715.8704
720.6137
543.3831
407.9878
681.9101
447.407
695.5354
517.5862
701.5096
488.319
447.1167
540.9305
393.2874
529.9722
431.5507
516.8462
572.9087
553.5061
686.9812
746.5488
624.3015
566.1905
430.1192
295.5089
382.6787
361.8368
389.6824
526.7343
384.0532
463.6551
670.822
383.1746
480.2535
680.8572
548.975
664.7872
583.6892
647.4042
632.952
523.797
534.1186
465.5881
631.8826
609.9405
723.1134
592.2656
507.0106
703.9995
743.1556
618.0858
621.2437
539.1264
636.514
768.0065
752.0215
814.7464
761.3903
374.724
661.1462
529.9385
421.0792
344.7934
367.5788
534.8171
727.3832
754.8296
403.3516
435.5314
554.3745
788.1756
526.1121
685.8844
630.6714
632.2811
418.9904
397.9063
780.9319
786.7822
633.5525
736.3422
600.666
653.4238
518.1811
570.7792
647.799
822.2616
491.0625
548.148
589.7295
633.9357
560.7919
937.6125
752.2059
811.9162
748.5079
831.3199
862.5355
912.1367
734.8856
398.4533
327.4264
447.9947
395.7562
404.7553
474.893
488.2687
505.9377
459.0152
552.268
358.3521
438.8622
618.9128
510.6317
571.21
614.4339
583.8455
789.1885
662.6494
595.3847
637.0992
594.0672
641.8605
500.5574
373.146
636.4242
695.7554
407.4123
527.2484
358.123
206.2589
265.5289
500.6544
542.6903
471.8582
485.1184
670.575
607.7009
530.2685
534.1262
527.2583
559.8027
458.7432
510.5455
386.406
335.3183
348.3205
479.965
371.8887
519.4356
685.5196
690.2671
389.5433
584.3547
673.8847
549.2311
483.7334
621.2004
564.1061
486.0208
435.9115
510.7005
492.9718
579.5084
606.5541
520.5757
428.1357
391.8377
563.9462
559.374
565.8907
493.8171
549.9134
610.8891
570.0238
628.3869
760.2688
537.5638
616.5153
832.0802
583.9781
438.5511
425.5046
401.8426
531.6897
477.2765
429.7834
761.1499
594.2261
529.4591
529.0981
512.9778
672.7643
644.3722
731.1381
783.7331
583.5016
517.8196
477.0751
665.5906
655.3121
874.7926
589.5889
526.532
532.9723
595.1846
460.2351
421.8905
549.2536
444.1701
514.5282
585.0942
508.1745
534.4669
503.5201
367.0011
401.2514
407.1402
453.8709
505.4085
496.5042
347.9162
436.7965
536.9902
688.0948
704.3933
592.324
565.0925
379.4777
497.6553
556.1794
608.978
709.84
656.7008
823.1995
731.79
668.2897
564.0633
475.0019
503.2734
515.6554
654.7992
476.4256
815.6485
695.3737
631.5927
520.2991
531.1454
597.3995
571.1378
472.0282
367.0012
426.2955
351.0344
298.3524
364.248
182.6278
154.0013
232.862
346.1995
386.6334
323.3296
629.4265
457.0503
453.9529
437.6331
558.3932
501.2828
769.8593
534.6191
502.7934
596.7194
449.704
506.9752
706.7893
946.1869
600.395
533.875
616.5945
525.834
545.8243
458.5627
553.371
602.5363
688.0085
575.3609
681.843
746.0113
728.5685
518.2764
379.8031
494.2302
441.8474
551.9529
645.6049
829.8774
701.2096
559.3835
569.2104
616.7833
657.593
762.3565
898.9437
671.8685
683.1464
479.5218
567.1965
787.0649
818.0447
829.3525
568.7429
599.002
455.4161
437.7012
406.5947
234.6761
279.9994
308.3298
215.7036
247.8074
220.3969
417.4853
445.2853
405.5353
460.4662
426.4703
279.5593
375.603
409.567
340.0814
321.2056
174.1686
268.4856
332.851
350.6855
341.256
490.6992
542.1053
420.08
491.9178
603.7382
519.6349
312.7015
271.9613
393.4165
309.7304
490.5257
457.6931
575.4903
707.2549
584.0128
520.4103
469.8728
545.2482
372.3291
318.7256
394.659
516.8431
544.0821
534.2537
620.4057
395.4015
373.9225
378.1009
497.6063
389.0179
438.9555
419.0904
369.7547
573.6822
616.1023
458.0437
410.59
512.2818
568.4291
519.2747
652.8272
920.0725
861.8483
629.3075
691.0426
868.1205
476.5361
560.7385
391.1307
489.2147
534.3817
664.7311
454.4709
348.8223
316.1261
303.4219
307.2461
484.4138
379.6908
529.2333
493.054
274.8767
272.0388
169.6693
234.4829
396.2369
218.1394
211.2315
182.1993
418.3412
469.8394
391.9673
357.2269
357.7909
208.9651
284.1979
394.5409
448.8387
351.4264
580.6629
493.4541
365.8111
568.745
415.0313
482.9908
346.8551
260.3023
221.8987
280.423
244.1693
320.6943
293.6345
326.6554
252.8424
314.0483
519.6254
485.911
725.4847
556.3311
684.4076
835.2587
721.2668
624.9052
389.6526
418.6335
581.0083
358.0869
252.8621
317.9487
427.372
290.9688
305.4489
296.9671
546.2623
473.5802
583.287
461.7519
330.0473
327.0388
310.4783
184.4197
199.57
305.7332
262.2496
329.3612
307.9982
454.1164
624.2233
558.3947
387.6968
457.2715
321.5973
568.536
526.7774
442.4516
506.4659
504.9425
560.8684
653.4288
567.4637
724.4184
761.2638
953.3013
909.3153
894.9906
910.3309
1089.274
592.0448
714.2517
730.2769
567.8838
778.618
695.8839
530.7985
322.3299
450.4541
595.2354
638.2385
774.0806
483.4384
753.4415
434.0931
422.2845
435.5254
450.2249
576.9973
632.8188
558.2051
642.1328
832.2767
896.8709
780.3775
904.7648
704.6854
573.3582
356.7096
480.8531
511.8651
504.6246
447.265
353.9582
597.2202
618.2938
543.1984
529.7343
440.8384
444.3696
399.9971
421.1963
358.5222
317.5243
412.1615
412.236
435.1743
413.141
383.0918
455.6011
628.9147
574.1156
306.2828
320.3887
381.0127
641.8238
675.9933
684.0584
759.1212
490.2256
558.2055
626.865
773.4282
612.1048
723.2767
588.9465
509.6136
506.8564
492.3619
423.0656
288.9149
221.8179
294.7671
265.1228
302.233
726.5505
642.1194
514.8196
580.0669
439.5181
500.8928
651.4617
652.8285
607.8398
371.4155
292.8446
401.4513
315.9195
448.0407
604.2232
492.2357
546.0254
522.7661
552.4034
714.1407
761.1655
608.6075
496.4465
796.6695
875.7283
663.2733
1041.895
665.766
531.9722
704.1247
525.3651
468.5181
606.1207
373.6744
457.7721
479.7774
457.0743
554.8709
701.083
560.0643
574.1639
628.9005
509.9127
367.3286
470.3391
462.283
318.4882
293.0442
303.2406
242.9583
216.0536
227.7744
218.6035
209.8725
236.7506
262.2
318.6377
565.9421
415.6572
600.5847
827.8544
725.8578
1028.133
914.7808
729.2136
752.3955
646.645
653.8479
498.6419
450.4807
324.2164
331.0056
317.5414
368.3107
416.644
470.1126
459.3831
486.8924
335.7658
296.5707
361.9789
377.7842
336.5646
311.2939
310.6059
292.8007
303.9744
372.8852
430.7128
546.1
666.8448
432.286
281.7963
486.7077
240.6296
414.0414
590.996
662.3109
567.2445
922.0031
896.0631
813.5327
794.122
728.9774
510.8634
397.5204
460.628
528.7207
670.8811
731.1493
589.1127
794.4144
720.9764
461.2274
486.0332
527.5437
529.4541
416.0088
444.8497
599.4136
720.7296
670.6783
590.531
897.8056
588.798
473.0692
583.0321
843.8279
669.3575
658.2128
657.4441
745.9886
756.6789
818.1554
813.2596
676.3158
809.3072
753.3774
1049.642
852.9887
815.174
652.9281
737.2022
705.1109
702.5969
791.6866
808.5307
709.4594
623.1218
512.6286
368.6103
307.3349
403.4582
369.3725
623.9357
502.1227
479.4669
600.3936
512.286
562.4314
458.6209
301.7044
425.1726
450.7092
507.9487
574.8667
493.5509
389.8955
228.7467
206.8802
130.6158
152.0166
270.0543
268.4398
301.1715
510.3659
550.8854
396.5713
532.7523
494.9933
687.4904
777.3311
795.2882
590.4516
575.7469
777.9215
754.9785
613.5468
588.5514
603.0001
506.7601
475.5008
437.2415
330.3098
246.6202
254.1103
223.548
290.0007
230.6065
266.074
419.98
434.2332
311.7911
308.2786
546.2135
438.1768
667.4018
440.9747
403.1117
516.5693
425.0717
584.256
673.489
671.5089
589.6169
769.7995
656.1622
686.6025
738.0024
794.3476
858.6873
701.8249
433.4119
471.5106
519.909
768.3704
604.6381
613.8927
793.2674
821.0362
837.0626
657.7018
453.1843
428.2435
377.7961
550.6728
755.1504
597.5528
637.6266
557.8935
404.5268
459.7832
490.6625
736.4767
484.2747
400.7411
350.0765
506.2662
554.2997
562.8925
573.1269
375.2169
533.0333
474.9915
509.123
706.3462
535.7094
735.0484
770.2055
725.7897
422.5854
425.5249
439.329
295.3301
308.5169
370.001
557.679
537.0849
653.0377
499.3385
508.5363
383.1025
378.526
365.4496
408.5238
474.9917
637.4777
693.4732
662.5941
672.0608
648.1996
681.8712
574.2276
571.7152
524.8914
433.7133
604.6172
734.5353
467.9262
440.5166
447.6143
390.0989
435.2611
307.4164
347.9994
536.717
608.3092
683.7065
681.4271
523.4891
446.5529
610.0225
581.7998
814.8737
517.1575
689.4275
622.2525
748.2722
769.453
768.1771
671.331
602.4948
653.7541
648.4554
488.0974
544.3627
495.1408
534.0053
711.1137
825.8428
649.3167
687.0751
920.6677
783.5379
737.0882
606.3802
435.8909
415.4472
478.9882
426.5378
515.1242
505.0134
443.4755
515.9
483.3994
451.3017
281.8546
264.2195
299.975
346.2101
385.7955
609.7887
616.1036
457.0255
618.4307
640.8106
558.0613
640.2106
723.4927
699.7347
553.6208
891.9448
496.8332
463.6247
526.9211
313.4377
328.3472
488.7027
715.1703
676.7206
696.5126
524.6559
758.0757
710.9811
771.1048
802.4508
574.2754
408.7453
527.6541
379.775
407.2465
375.7732
324.7342
434.9643
532.0658
467.3451
422.8927
532.7368
459.1687
566.8491
622.5198
405.5837
521.6044
679.1663
619.942
732.0291
632.3313
622.6516
590.6024
844.0245
579.3814
532.0983
598.6779
644.2988
451.8299
610.1924
479.9822
576.9206
490.7455
254.7238
327.0997
213.7491
155.8805
137.8036
106.4065
122.5396
145.6976
110.0929
167.0668
260.074
198.2652
242.8532
256.9499
293.7397
334.8566
209.2142
359.1549
357.6835
255.8286
350.9523
399.2912
655.6788
399.6109
463.5866
433.2719
423.4085
457.1167
636.197
720.6241
912.3351
725.4294
783.1689
720.2239
758.2069
813.2961
615.0415
750.4064
589.6374
681.1367
617.5058
496.3182
543.3134
524.9158
542.7294
683.9327
762.3679
514.1818
649.0825
651.7944
607.3962
593.5729
716.6432
540.1207
293.1179
363.4227
510.6419
511.5425
316.6858
346.3872
348.7916
387.9435
362.4202
372.0013
421.6812
301.1114
425.0098
345.7367
280.0522
186.2726
205.3906
240.7082
426.817
578.4351
609.1832
392.7915
323.0444
392.4137
564.5773
875.8319
732.8386
793.9318
771.5843
746.4578
532.0564
655.6856
517.114
430.92
457.4078
582.189
736.1764
827.5241
606.6867
671.973
735.9703
616.5586
786.8716
630.6999
581.8953
864.59
732.9652
623.3801
552.2372
370.3565
365.0876
290.5563
414.2051
434.3552
340.5491
425.9464
401.556
393.292
528.4363
528.1287
524.6611
546.7919
599.7824
655.7214
541.1813
604.4503
413.7396
665.4924
809.1905
601.3689
576.6578
533.0707
704.4183
651.0165
565.8274
730.1933
544.7888
360.9825
449.6395
485.9312
512.9156
524.7494
669.9281
491.9963
547.6604
524.1518
479.419
454.0051
470.3968
509.0291
479.2139
391.8028
386.7835
475.0624
501.5632
525.0577
388.1073
304.3205
313.7084
485.6
471.6317
410.1525
505.1477
707.5185
745.3275
773.0398
699.8064
819.2613
549.6291
499.0394
481.0776
438.7942
387.7753
272.5145
306.7993
375.7369
424.7164
377.3237
247.0195
314.5804
410.1521
454.028
359.3106
272.2575
474.7831
458.2676
773.7532
573.4984
522.5255
525.1784
545.0487
485.2581
496.192
597.159
385.7754
437.5129
500.0735
407.8059
412.2925
395.3879
301.3587
322.5643
383.9974
465.6945
597.4286
429.2428
385.3311
478.953
544.9669
572.8839
654.2478
716.389
480.8363
427.9831
373.8193
348.487
503.1898
392.9801
532.8107
658.4809
557.442
638.1497
666.6152
738.7567
818.5475
621.6489
669.9705
630.3598
570.9256
613.7346
736.284
383.7911
377.5103
452.9218
581.2144
602.2401
1057.203
853.8405
723.5046
598.2481
499.4018
478.4429
511.5877
343.0899
492.256
495.7145
538.5963
525.3929
622.7019
675.4956
616.6313
511.7855
425.1965
800.3988
591.4559
581.8285
475.5898
575.3836
645.7381
525.3582
510.7879
452.6859
642.3175
580.7422
522.4195
407.4356
394.134
324.3503
463.7965
596.8318
634.7945
708.7257
847.5886
684.4452
922.7165
654.5632
731.1076
566.7799
547.4216
539.3831
744.1065
588.9496
724.6369
636.3773
502.6938
602.9706
471.5611
500.3596
554.5641
429.9537
763.7893
621.904
875.2672
655.0964
634.1761
444.2144
519.9718
836.5147
652.2143
665.2819
459.2221
533.6874
657.8676
593.5895
399.8184
423.2962
298.7841
284.7635
309.6845
369.745
359.947
445.316
397.7533
359.9635
409.4229
418.444
264.4144
361.6633
306.9986
245.6978
406.3043
545.4769
745.3831
623.5961
499.0096
437.1202
560.2433
508.4173
513.5709
651.5424
711.6425
529.3829
774.5018
613.1668
497.5791
343.3781
275.0957
188.1413
190.5284
236.6115
339.3239
327.5091
373.4561
425.0334
666.8612
712.0794
685.2983
599.0026
510.2474
622.0866
769.0713
558.364
640.7718
576.5906
777.7199
707.858
595.7973
832.1663
700.0269
501.3785
612.6329
654.1432
844.0154
759.5352
661.2812
628.9429
609.2548
619.5114
512.9189
743.2682
748.5281
852.7252
482.0753
586.3725
678.7776
616.2173
475.2785
563.518
438.7972
457.9639
316.6827
338.8262
823.6479
859.5764
892.8345
793.8744
496.0434
533.4998
631.0006
548.7872
343.6728
393.66
344.6118
257.9304
494.7435
417.0312
484.356
828.0537
545.0594
356.978
554.3909
471.0165
420.4782
284.0033
581.2689
384.846
354.3459
268.7979
251.225
196.4445
123.365
151.9205
217.4272
224.9557
264.6956
308.3456
516.4086
527.9565
425.0159
492.1854
341.5893
397.1511
416.0363
781.1839
447.6486
454.4503
399.5877
401.6098
391.2192
469.1921
382.7171
391.7747
224.1282
212.1228
180.9932
258.8562
193.0495
211.2716
205.7048
297.9242
347.8506
371.4952
430.4511
448.8445
644.8343
431.5776
620.9987
610.9953
523.3904
392.256
262.684
238.5578
281.1905
317.6734
320.9477
350.8576
407.3712
401.2914
412.4946
615.1451
514.4361
505.395
440.1083
374.6065
301.2109
248.0403
438.235
335.1382
455.4341
432.4172
639.7038
654.2448
607.1043
595.3922
716.5329
797.3507
673.7606
445.3375
380.7991
491.9313
364.0031
332.7783
362.2421
387.7838
568.4254
491.5768
482.6167
610.7453
630.4988
454.1851
496.1485
703.7071
582.4056
707.1205
714.7716
507.325
499.9334
609.4593
547.3583
512.578
449.3674
469.7351
654.6436
652.877
692.9467
864.0827
711.1269
814.0947
611.6939
814.8097
736.3207
411.6416
398.1632
552.0857
347.9511
362.2992
589.4593
561.2379
531.7155
614.7106
601.406
579.7394
608.0886
440.6821
403.7211
204.9739
374.5286
321.1658
463.9722
589.6067
735.4736
711.336
610.9222
588.5835
508.3351
665.0395
678.5563
488.6062
641.429
730.7961
722.3211
873.5944
505.0749
859.729
546.7613
376.0842
623.2184
727.4395
574.4048
738.9954
625.1995
524.6056
648.3091
414.5573
336.7968
281.6788
