404.9953
395.9213
391.1315
359.7228
390.9327
362.0077
381.1905
491.047
344.0794
445.5045
554.6236
531.7467
625.8548
403.1198
831.1288
778.6676
553.4961
521.166
642.7161
694.7967
599.8787
870.4843
957.3183
839.1561
1058.895
763.206
757.3616
828.575
837.3251
642.5674
552.4733
646.428
586.1984
560.5746
615.9979
564.7453
729.0133
747.6629
460.7807
531.3289
772.0193
654.8839
699.257
707.9392
711.4771
845.1334
814.2835
738.4076
592.8728
669.595
587.8544
820.3349
915.2087
578.3277
815.0684
916.3866
843.5486
898.4112
916.8984
799.1535
787.1481
583.2553
782.0234
676.1784
627.3196
392.7558
367.0214
446.7568
340.5593
445.4243
669.3103
495.2557
572.3692
444.5813
425.6872
424.6548
442.8002
602.8167
713.687
631.3788
820.1074
521.5454
689.4804
737.629
705.801
728.1858
444.7738
407.5707
485.2682
450.039
565.3234
574.3111
491.1062
453.6404
550.1098
514.6481
344.0938
338.0711
282.6282
416.8609
513.826
435.2702
342.2933
629.0183
767.1767
939.7142
677.4162
541.3598
664.0727
377.2249
476.8266
441.8156
809.6111
729.6456
608.16
776.0075
874.1638
741.5112
699.057
599.6046
495.3013
552.1995
461.2995
341.368
630.1627
652.9467
585.2643
521.6691
538.6126
833.3232
778.1225
664.7661
814.1895
774.7011
837.2927
715.7635
759.7321
760.9224
607.6586
755.4167
713.4842
659.524
782.1207
705.1117
911.9019
657.6288
732.3625
509.4776
610.3192
672.1393
751.6196
866.9801
679.5426
705.541
639.4051
688.7061
567.4184
591.2417
342.6985
495.4771
890.0707
729.9326
938.3725
645.9449
731.3621
501.9136
541.1913
660.8789
463.5206
754.4569
689.9659
651.6232
522.623
357.747
649.6052
646.1779
468.2035
524.6533
646.0091
610.7496
445.3694
323.2288
375.2883
387.7637
425.0026
412.6615
461.796
450.8064
320.5936
329.8841
427.1446
342.236
350.3088
402.707
400.1221
512.166
482.8061
691.1712
687.5535
623.6981
723.4287
755.7855
784.4238
830.0287
835.9425
580.8823
790.8336
682.5387
740.4265
862.7292
940.7826
592.0507
498.9454
445.1122
481.2789
394.2797
413.961
444.5182
575.623
516.9653
641.1592
522.0995
680.1239
668.6282
595.4612
478.5156
473.6546
386.6706
610.8396
674.7149
807.921
622.4874
787.4399
573.554
613.27
624.9179
467.2524
629.8199
778.0577
547.8696
634.5523
513.8204
638.3548
510.9742
599.8784
566.3194
685.485
837.4222
683.6547
569.0733
762.629
639.2081
733.5354
927.2466
606.2834
747.3603
735.8879
602.7309
560.1167
496.5282
538.6785
660.7931
826.6409
1301.099
641.5429
814.1279
978.3402
491.101
554.1519
309.731
471.3814
468.107
693.8644
659.2051
778.4174
705.9666
650.1557
434.1122
490.1604
436.8537
489.3838
375.4298
321.3757
437.0831
318.1122
364.3553
599.6042
509.2889
683.1148
625.9743
842.758
722.4255
554.6212
608.0482
525.7078
518.2451
591.393
582.1794
476.0474
574.7502
403.7593
453.2803
543.5105
536.5255
543.081
541.6035
724.5786
659.494
737.3661
748.927
561.3831
496.6386
438.4558
492.2352
393.7895
449.0786
657.8426
369.7191
517.2528
396.5359
488.8668
499.6395
422.6563
410.3963
656.7682
562.0165
803.665
722.2498
658.3218
716.924
773.6074
599.6641
817.095
661.466
889.9056
822.5973
714.9735
648.1206
656.0903
668.752
580.4281
432.5401
367.338
308.2761
308.0687
388.0187
426.4089
728.6627
591.7136
665.0649
550.0413
423.8387
612.5676
749.6286
543.3462
494.277
671.1307
482.8857
433.1608
649.2198
549.9913
656.0677
530.4318
597.1998
667.0435
807.9745
743.6071
787.4152
1014.706
936.7289
748.757
668.6128
471.0496
658.6733
598.3286
485.7802
473.2411
474.0854
744.5059
404.6693
462.8083
450.2109
590.667
520.2539
542.5639
587.7427
722.7933
689.392
436.7691
497.1242
603.3418
648.388
689.2139
446.9501
494.9494
437.0424
457.429
575.9154
393.6983
259.3191
332.7797
495.3674
879.02
640.5055
558.5986
614.5308
467.9101
541.5454
371.818
373.9457
182.1044
199.9673
203.971
386.1257
438.7763
655.5053
841.2092
723.906
880.8566
898.1469
588.3514
790.0465
529.4582
547.4348
684.5013
363.1778
329.2508
367.8462
213.806
355.6231
545.3142
570.9258
581.7248
502.7261
530.6683
552.7778
467.0781
383.5158
518.1029
718.6891
737.1934
621.5178
510.702
720.16
946.9992
708.3717
691.1395
634.4434
808.032
694.1035
698.2507
547.277
725.1309
679.5026
743.1696
871.6977
1002.27
500.042
880.5565
718.0648
830.2056
789.5877
459.3503
723.5453
685.5074
748.4864
605.8213
670.7096
908.078
700.9689
673.9889
525.2731
440.098
526.8021
346.0525
567.2623
593.8453
725.1203
455.1572
728.7712
444.3032
407.8788
545.6014
400.5869
601.5566
498.5169
308.9316
435.5308
611.4034
720.1411
819.5331
654.6186
641.8816
592.5489
705.7947
590.0487
768.1273
696.0371
630.1878
533.0997
524.4442
578.7581
446.7609
529.8247
550.1847
432.2098
409.5948
426.0876
485.104
400.5449
672.1569
731.1726
518.0433
538.2379
877.2456
798.7284
784.1785
669.2221
602.6583
700.8992
593.6288
507.8773
538.3471
794.7667
699.5714
550.8497
464.9015
510.6545
690.213
676.1885
847.3748
645.5372
1018.78
809.9346
789.8442
675.5703
725.2695
693.1492
758.8333
673.6702
615.365
657.6837
467.7192
748.2987
963.9707
718.4152
626.8718
688.0077
648.2137
733.4639
842.6802
737.1045
611.0377
495.6141
490.8451
636.9339
592.1949
435.0201
523.9385
478.6556
577.107
511.1816
734.5554
683.6594
561.9654
490.6867
655.1061
727.3059
621.2828
551.0103
496.5539
707.4998
671.1903
622.7342
690.1179
548.2346
500.0575
673.4542
565.3188
586.4428
637.716
556.5953
477.7701
493.121
640.0099
351.1037
477.0044
767.1612
677.1166
678.8116
694.3414
320.4115
434.457
625.9042
371.1637
453.527
444.6523
585.297
623.139
374.7976
506.942
603.2139
489.1914
426.9133
307.8161
400.4476
462.1158
495.8537
378.9119
636.1086
711.0049
674.5772
376.7219
510.6677
758.6074
701.3784
494.0943
469.4964
492.9255
496.6204
736.0437
579.4951
723.8191
592.6213
696.8376
569.2148
796.3491
770.6103
585.3212
557.7536
559.4709
655.6991
903.8745
662.6651
793.3695
718.1144
695.2981
755.1507
749.9855
605.3803
425.9111
419.0801
346.0051
378.7692
356.2436
416.5318
365.8997
554.0628
614.2369
604.4369
593.503
860.9334
632.2385
895.9261
787.3853
890.9473
870.9674
651.9049
719.5831
742.551
662.2551
539.2823
773.1526
773.7203
730.6264
709.9913
775.0697
1102.527
865.0082
883.023
808.8289
689.0466
401.0427
453.4606
362.716
494.4594
523.8576
530.3588
416.3451
508.3296
572.7248
681.259
742.5541
711.9637
511.2231
418.0618
368.0188
664.5999
793.4813
710.1594
783.1324
606.3897
770.2674
716.5586
926.2718
718.3738
956.343
803.31
824.1611
719.6477
667.4119
582.2924
659.8178
701.8819
647.0475
807.7217
859.548
754.5913
760.8881
1264.723
840.5679
754.9058
525.6
420.3676
539.8587
575.89
456.0092
452.3744
397.6306
444.3345
503.9584
453.9711
656.3442
593.8359
798.3399
749.6928
579.6523
847.6812
697.9914
561.4036
564.8506
773.5253
662.1849
765.539
836.3262
474.1487
522.8392
506.5059
572.484
653.0789
658.8837
773.8098
648.3828
608.1869
644.8978
660.0019
659.1175
639.2446
459.924
379.3658
488.2186
510.3048
557.1952
467.1367
446.116
439.3359
466.5388
491.7523
527.8487
298.2675
616.3707
747.1847
451.5194
500.3824
663.1852
462.6061
233.2857
422.8408
398.3142
663.1721
507.3424
574.0307
564.1856
528.5933
706.6161
526.129
885.535
804.8269
739.0695
696.9605
821.6676
533.0553
580.7458
760.0977
592.7087
516.7849
345.3652
425.7692
413.1863
406.237
399.8572
517.2858
538.0213
638.7397
690.9669
603.248
737.3379
642.9358
748.4495
458.5987
739.4646
639.7405
695.2058
508.2194
627.3586
639.6016
537.6974
822.3678
676.851
762.3511
604.0272
836.4177
506.7004
521.6512
633.0242
679.9025
638.4437
592.5881
669.6024
718.3054
480.213
334.2748
502.0284
471.931
646.646
594.214
819.2414
889.9288
843.4963
771.962
631.6984
557.5696
658.454
547.8541
444.837
454.4904
380.2098
431.9706
413.606
358.352
603.7051
524.033
556.2675
585.4481
621.0253
574.3846
403.028
628.9504
622.2898
492.8982
682.5483
743.5371
810.2307
897.8149
840.2321
834.6249
705.1545
677.177
648.4112
781.504
700.3719
840.7232
694.9582
790.9226
708.6386
480.9102
480.8994
437.4096
735.665
750.734
655.8436
771.6765
791.1484
509.5927
734.1778
736.9441
791.967
707.7563
839.1826
633.9108
582.2612
553.2914
563.1427
684.14
780.2569
638.2647
672.6313
658.3274
774.892
593.6603
569.2383
682.1415
826.9183
743.1554
894.2451
836.7331
784.9916
708.451
757.552
771.6417
812.5247
793.0945
708.2258
695.0497
748.6458
850.5511
799.6868
738.845
544.1735
328.7736
282.5039
251.2664
341.5155
346.5469
563.2549
568.9559
665.1348
677.3323
533.2051
843.1491
943.1417
876.8077
811.6312
720.8416
722.8834
681.3248
739.1003
931.874
952.1359
835.8316
602.2782
787.9044
676.0847
741.5562
647.7429
824.4833
549.0702
739.972
754.7968
616.0904
646.6838
651.0227
776.778
547.3438
491.1517
553.8615
510.0151
830.2193
625.2929
895.1066
929.8124
825.3535
942.2196
802.8765
672.871
674.7785
528.3442
571.4787
383.7166
290.2806
502.0323
437.0327
391.3207
251.3206
282.5762
533.8577
495.8522
426.1321
530.301
627.1597
555.2304
588.2347
441.0616
593.2761
626.5685
678.1769
562.5587
661.2923
414.7536
399.3487
409.781
448.6192
439.4161
525.3686
618.9493
597.9357
459.1932
626.2581
744.2454
601.2018
569.8929
518.4688
356.0986
416.5951
475.091
463.2717
697.1285
854.9147
428.899
450.9273
391.4151
418.8452
400.7327
572.9266
624.0182
476.8571
516.0029
621.3666
590.7598
421.7695
624.4728
516.5417
631.3707
520.177
611.3787
860.4365
780.9767
458.2621
548.622
515.2659
752.3721
795.7586
762.9257
747.8722
860.2634
644.1251
628.7529
657.7773
539.67
657.9146
665.872
601.9662
540.4159
426.8446
382.8392
602.0885
622.5582
748.9909
611.3923
502.8314
426.4436
540.3551
523.2026
298.4746
335.567
377.6695
550.8765
534.9194
736.2578
576.1683
621.5633
655.4594
689.0011
764.1717
736.0565
787.7525
750.8014
538.7199
555.4314
537.6895
635.0041
690.9842
563.6293
526.2027
577.7312
544.6553
521.3225
555.3726
738.7007
594.29
544.4518
458.3998
384.1846
425.825
596.0214
554.0489
700.678
833.4856
796.5868
852.9022
708.6437
712.3681
1046.276
961.8369
746.4288
783.0137
756.3197
927.0061
834.8487
648.6144
741.9339
612.9685
551.1059
768.8766
601.5445
640.2604
789.3659
515.8976
395.8306
487.142
414.7348
446.1092
456.2123
516.6918
627.2485
598.9126
792.8433
778.7224
627.4542
500.4049
568.8768
561.8035
385.2785
343.2547
500.0932
442.6949
438.8387
679.2088
667.2466
573.3376
559.992
381.5646
384.0031
382.1471
524.8733
561.2193
683.1619
539.8128
513.2473
614.2941
534.7951
435.7526
882.7148
732.6499
666.2143
703.7409
800.9285
585.2168
636.6115
635.8774
701.5403
692.8899
768.8807
778.9638
763.6466
638.7998
546.2206
476.8528
697.6189
662.3288
511.6001
732.0376
800.2926
717.5863
504.1951
588.9953
745.1857
559.5276
828.3983
806.1534
887.8794
792.7956
706.2482
939.3665
577.0311
685.6889
819.1752
439.0569
492.7488
655.8786
749.881
660.88
855.3235
546.0174
668.9393
711.2493
690.1483
450.3002
560.8143
598.7594
720.8893
733.5686
649.9105
875.7424
775.9078
466.8902
790.7558
502.3621
663.8782
536.9645
787.2623
759.0955
611.03
470.5715
521.232
576.5783
541.6401
661.407
634.3747
698.5205
390.315
459.8462
395.3074
242.9309
347.2948
648.6854
556.6529
596.6116
640.8879
713.8404
657.2343
618.4551
684.6985
561.3763
437.7239
616.9695
710.9337
597.6022
609.1164
578.0533
761.7243
502.8992
598.2699
464.9223
562.1107
542.694
615.5118
420.3229
395.9253
376.7155
484.939
567.0377
454.0584
682.4098
523.719
323.5419
373.466
782.27
716.2302
649.7309
590.0754
668.7565
586.7855
716.025
345.7437
576.5657
526.3331
751.4226
739.3159
556.5025
546.2539
499.5572
486.9369
648.2555
458.3386
470.1218
409.0708
355.0445
398.138
276.3972
283.3867
434.6079
595.3023
616.343
456.5426
684.7316
554.1254
655.1715
477.3429
569.108
552.1279
455.0942
445.5902
739.8202
620.2313
740.0862
854.7518
861.6493
814.4449
679.3907
738.7134
580.3069
646.6045
716.5466
523.6209
859.4541
578.3512
629.0202
922.7496
622.4475
563.6619
522.7118
715.0583
660.4384
434.902
405.4983
572.6643
705.5881
583.8317
735.9352
771.4506
831.3392
802.1514
752.4948
441.9584
413.5993
591.3632
455.3627
512.0708
644.0644
683.1642
454.3733
438.8869
430.0737
462.5929
713.5838
385.8779
482.372
398.3569
351.9544
411.475
495.406
426.8293
520.5437
534.896
504.3294
548.8282
854.2257
593.8501
619.0112
691.8652
794.3969
566.6352
668.8243
761.0746
665.5498
764.6154
608.1814
556.7642
587.593
508.3796
588.5217
659.3837
573.1869
456.9619
511.3896
423.3073
358.1945
442.9501
594.5254
441.5216
353.2285
404.1678
577.0519
562.9145
743.5077
666.2297
452.7704
611.854
724.7811
861.6323
734.528
738.8965
620.5237
648.3337
417.7272
311.2116
362.7665
394.3154
300.9886
316.3659
338.0441
400.0434
515.7347
617.3524
544.0588
550.3112
620.9996
813.5455
583.4478
871.1531
615.6687
581.42
618.283
391.6387
423.1386
349.3132
278.7065
252.2658
333.7
384.8047
309.6042
410.8201
381.5381
493.2176
405.4901
470.5208
389.4023
405.4557
519.1037
446.9341
476.159
341.4818
306.7716
424.6884
344.1637
371.1526
520.0796
523.8704
386.3317
394.0972
338.83
335.3671
492.5409
307.7579
396.1884
319.2217
344.5568
392.3611
312.6963
268.3736
289.9568
410.1729
527.1393
437.538
424.5252
442.3423
518.8929
521.2191
531.9941
651.2611
373.8615
414.296
391.1279
464.2325
515.6852
561.4704
503.084
735.442
975.9812
703.8762
899.6842
854.4228
739.04
611.4997
722.9992
767.6166
615.9808
629.0058
699.0493
750.1357
533.4211
737.3737
533.4286
608.4187
805.7269
634.2367
603.2526
659.347
650.131
654.2391
803.87
551.8338
458.4849
470.7912
431.3578
331.9445
530.2835
586.8462
568.2367
559.195
606.4058
440.5268
566.5813
428.2296
398.2174
601.8346
659.4058
899.0625
605.974
760.9272
702.2066
620.2946
859.5744
745.7143
796.5051
549.8418
539.217
377.2374
509.546
593.9165
798.017
602.5944
535.2412
692.5471
511.7232
349.871
484.1861
539.7424
442.0545
665.871
456.3058
601.4551
391.7794
474.8004
519.0306
616.3961
614.3685
756.2342
587.3414
441.8543
623.1076
292.3435
487.9002
375.9645
633.8716
531.1356
549.5377
480.8537
540.5465
779.8351
563.4844
641.4598
557.6081
760.213
645.1984
626.4311
463.7254
421.7623
544.5546
664.3404
797.2707
969.5585
627.8178
582.5536
393.6328
741.6227
858.9097
796.5993
422.0908
591.0378
521.6853
543.1801
582.7985
547.2366
566.6771
533.3597
673.3484
568.9409
595.3375
419.0425
322.2983
438.8992
532.0065
419.535
364.7565
236.116
253.3497
359.0402
547.5975
464.1907
435.7049
494.3047
544.4255
660.1042
513.1066
678.9355
785.2475
472.8763
448.4557
763.495
481.0677
585.8196
629.1633
846.1676
848.5638
664.3295
698.3446
668.1746
763.5969
590.0931
601.4533
436.5785
506.5115
594.2646
472.3695
739.5324
866.5601
820.8488
409.7239
265.4568
393.7953
373.5335
437.557
606.4073
582.6344
620.1594
814.9345
711.3774
665.9465
551.5068
439.1823
563.8451
529.8659
599.1034
398.3375
604.009
777.9753
650.0252
693.7441
664.982
500.7057
1009.516
904.5619
783.2066
929.3133
628.209
530.0828
890.2623
868.1646
743.1119
663.773
842.0037
738.6339
567.1633
612.2397
310.2232
439.441
351.4919
336.9079
453.5335
599.4417
486.1279
682.4963
520.792
408.6852
758.614
572.4988
559.2587
458.1485
636.7627
621.966
498.998
491.8876
453.5688
658.6965
492.7519
513.8813
463.539
590.0228
548.7982
624.0002
883.607
837.2892
713.9522
609.786
729.3192
771.0238
795.5678
613.2956
783.6062
591.641
575.1433
638.4758
779.6617
790.5755
740.7465
674.9321
620.0894
898.9762
791.5112
666.2319
572.9829
532.4308
647.6802
425.5288
445.6441
309.3193
287.7937
353.0797
354.0634
419.052
273.7237
321.1682
507.5713
518.8984
564.3702
398.0403
396.1853
456.95
685.6427
646.642
605.0947
665.4701
645.7024
549.9933
522.2733
506.5555
337.7659
495.3096
523.3029
506.9403
824.3367
573.3213
480.5944
462.0189
518.5868
580.8651
771.7618
865.3419
937.838
758.365
650.3995
605.55
595.667
764.2975
631.695
808.0544
821.3007
820.8093
593.0133
757.8043
707.167
692.6289
838.0959
723.6214
664.9294
684.0373
594.0631
459.9539
503.0192
474.6617
445.6263
303.1612
516.2585
677.632
599.5339
685.3393
741.5661
622.0833
875.8067
801.1618
541.4254
897.6602
652.2276
516.3799
547.9571
488.5602
415.8699
477.3556
436.7032
416.5552
532.0146
617.0112
649.077
680.9414
470.0974
353.5258
314.5032
595.9824
779.9232
609.8209
395.8332
352.2646
524.5166
506.6117
716.5227
693.6646
996.5394
611.8666
509.375
547.2507
694.8181
592.091
448.8945
784.6767
747.1841
763.0728
638.0139
559.2728
538.3952
575.6918
518.0705
448.5826
571.5179
522.8983
623.741
453.8145
371.138
464.3302
712.0385
563.4742
779.9552
808.6216
470.4392
520.8154
673.9038
546.4427
618.1554
556.9749
458.0849
728.9461
791.6047
900.9071
755.1484
599.5666
462.6942
427.2369
298.8521
347.1336
403.3543
449.0275
399.6163
528.7543
628.7592
602.5902
581.1108
657.3638
754.6234
701.4482
759.3551
718.4927
620.2451
514.4316
520.377
549.6637
507.226
894.9264
892.0591
712.2988
705.0642
681.3202
560.6771
623.3951
679.6586
514.887
510.2507
404.5675
404.9611
559.6018
924.9238
681.0564
475.4512
383.0417
333.7475
421.843
487.702
684.9136
833.4766
748.5985
803.7307
594.2899
636.4728
624.5396
830.6549
636.9111
627.4647
490.0433
535.108
735.4001
701.2352
675.3504
676.7279
469.9648
511.5259
616.6799
702.1275
696.2241
812.503
625.0283
641.8864
534.8422
668.7613
674.4234
763.7189
903.0381
879.5539
720.6285
716.9853
815.3352
697.2053
616.3614
633.2381
581.4291
502.7956
337.7399
396.3141
574.0034
636.6437
553.9666
631.7418
700.7987
670.6473
737.8637
677.2818
686.1151
371.3621
594.546
742.7321
679.5169
821.28
854.4468
657.2365
415.2318
439.152
302.4798
433.2884
632.8311
835.7045
607.4359
708.9793
602.0845
653.5665
465.0883
582.2043
715.4784
792.1155
818.7049
580.894
421.9519
593.7271
455.6566
596.0715
523.0437
620.9455
572.4716
591.4461
601.8862
759.4329
457.7322
512.8397
363.5091
363.4243
584.7533
455.5456
624.9369
748.1756
702.3678
878.8534
562.3
716.2938
801.7362
959.6409
823.2904
686.7006
486.2043
432.8162
576.3438
635.5749
615.9772
544.0035
643.472
646.2993
682.7791
690.0127
681.8497
639.653
583.6831
509.4986
472.1594
700.569
495.3488
661.8351
486.1287
534.0123
533.6924
321.4969
440.241
433.0213
552.1062
449.5541
586.9149
764.5436
585.7184
691.4672
727.4375
604.0224
740.977
566.2958
657.4516
581.949
475.4969
416.9725
331.6658
292.9523
260.1207
397.3704
691.0612
531.8414
502.4171
564.6224
597.7858
729.1588
812.8596
944.9511
707.7842
826.0339
538.6679
579.7254
742.4037
464.6559
456.5751
429.8806
512.248
550.4898
677.6227
881.8143
813.5195
635.1606
811.7103
699.1923
797.8904
848.7373
906.2084
791.2292
1029.294
731.5615
669.4345
622.5578
604.6704
584.642
415.4988
445.4629
449.0206
398.0827
406.9456
484.3757
642.6156
587.6922
457.6699
542.6452
515.9932
435.8119
523.7731
476.8175
591.5141
473.5886
395.3768
283.4105
317.374
371.1308
272.0551
358.1844
281.0434
474.2976
422.923
529.9996
421.7058
339.9889
457.197
567.314
535.2847
525.4994
513.7459
530.0613
679.1952
916.342
609.1629
886.8236
812.2032
823.6252
644.1184
520.9951
484.8851
388.5151
432.3129
334.0668
455.3638
594.5499
614.2454
791.8378
593.6141
524.9375
347.138
422.7314
320.8087
272.4959
355.3012
414.3647
351.7135
341.7447
375.9929
316.3482
349.6322
338.9005
389.7689
458.2599
534.2956
407.8716
530.8337
511.1186
502.1598
697.8534
605.503
633.2487
562.6766
653.7432
533.2898
880.7943
714.5581
702.9483
626.6519
759.2998
769.3208
509.4613
479.8406
623.8297
736.3237
643.0767
557.029
584.7898
403.9301
510.1857
506.3605
489.8114
335.9257
481.2727
356.9056
418.3153
661.6305
553.181
639.5977
533.6963
670.3065
581.1655
732.9713
912.5202
660.5948
659.5396
547.1237
378.527
343.607
381.7603
389.4371
286.0643
432.6223
520.4269
473.2694
469.807
410.3912
353.6888
314.5118
541.0665
381.4005
416.1041
348.5051
442.8571
423.3821
532.2676
536.543
451.913
502.1913
547.7649
582.8588
441.1164
589.9123
609.0488
478.9819
586.5629
609.7813
395.746
393.408
347.5028
362.7127
381.4935
689.4885
670.8168
903.8017
681.947
741.2873
623.6998
664.1905
604.4749
508.1915
584.3703
469.944
590.2604
397.6377
560.9818
664.1409
793.2668
841.4441
740.6275
586.6469
751.1872
709.054
548.4559
485.2879
628.101
380.8131
497.9982
586.2262
526.5893
638.4897
606.4117
796.7512
613.5319
608.8979
694.2501
693.1224
499.1462
506.8816
643.6474
638.122
758.1224
634.2468
768.4041
764.317
614.1576
426.4662
566.0604
528.8587
477.0104
352.3126
542.3487
580.9483
639.6065
790.1784
828.291
632.6246
584.9952
469.2466
540.9774
708.4955
789.5468
714.1758
583.4819
501.3852
419.4761
540.4043
749.4797
721.0216
512.3863
615.3743
736.7094
924.7576
784.2529
584.0495
672.251
605.172
742.1698
591.7591
390.2592
584.3948
553.4099
574.6886
574.5848
449.7561
465.7773
585.6076
540.2031
532.7693
350.9824
336.5479
397.8168
333.7822
580.0675
572.6993
608.2935
602.1623
441.5769
664.1678
634.4653
570.6313
479.2889
368.9715
426.3972
557.4615
517.1597
447.3213
544.253
356.8208
281.0909
426.2916
471.8274
493.957
649.9817
556.6519
359.0553
614.8849
364.2491
690.6219
561.6207
458.4556
574.9102
555.0498
469.9225
623.9564
556.4531
558.978
746.1791
901.4719
801.4587
855.0806
653.9597
647.7145
503.8902
405.2156
273.4056
398.9294
529.3314
535.7952
557.0351
623.5215
660.2846
582.2442
432.108
519.9769
723.4782
827.8453
610.065
932.349
741.3899
700.1055
627.394
545.0172
933.2118
762.6877
755.1821
529.4801
469.7856
465.7249
457.3053
447.3077
344.9162
519.5375
584.6858
640.9604
790.0139
774.3441
646.1403
642.1812
544.9625
630.7109
618.5145
483.0291
622.1112
717.3385
731.7939
866.5648
681.7167
659.623
540.8653
418.4737
461.2971
490.1567
564.8283
603.3243
707.0364
623.8256
785.9532
511.8512
511.9929
536.1324
573.749
701.4119
742.8971
741.5551
726.3252
917.3899
549.662
685.9028
578.2302
498.6358
733.9277
592.9427
683.493
754.8705
507.4191
640.842
780.9295
788.6282
705.603
584.0608
698.9696
970.8018
600.803
801.4566
644.7203
789.6557
692.0943
690.9406
676.8554
730.9056
610.5245
829.6247
722.4885
661.7932
570.821
757.3426
553.051
538.5543
553.0541
846.9964
741.241
507.4266
781.4609
533.7864
834.4169
941.4274
662.2203
628.2422
749.5025
792.8819
481.4296
413.9226
579.1047
717.5758
544.1714
642.8799
536.6869
480.6587
500.6073
517.549
530.2501
669.2815
471.0063
626.7885
708.5761
621.0859
682.825
721.6316
592.8689
842.1417
457.9898
560.4721
615.6225
843.068
608.3579
501.5457
696.4211
666.6553
588.7576
521.2226
746.6379
698.179
495.7983
371.8691
554.7477
374.5177
234.9935
355.9485
350.9557
285.1447
445.7375
468.6536
323.9371
405.1907
366.0339
605.7661
582.6333
524.1605
630.5219
543.8422
652.3486
483.5456
501.911
556.1871
584.2981
703.3486
683.8954
832.3092
841.8661
891.3031
782.3274
827.2176
591.2579
477.1529
627.852
454.2104
510.7105
555.2814
581.2695
679.2088
743.6318
832.4219
590.5786
483.2371
578.2736
482.1436
574.6611
920.2364
605.1848
528.5475
543.2529
553.9006
512.953
591.9977
505.5106
497.6457
457.4878
502.0811
570.8031
782.8844
712.9081
807.0307
645.2379
679.1443
906.9379
633.7128
781.0962
826.8671
722.6058
676.2969
643.2758
804.3849
954.5626
802.5893
567.7313
498.9846
407.6758
470.3383
541.8683
613.7891
790.932
787.2776
867.0136
866.1647
639.1716
716.8883
487.5142
611.3953
578.2065
620.2076
586.2038
427.1438
459.4265
691.133
744.0672
644.0252
671.7802
477.4925
569.5844
621.5144
464.729
514.8566
717.7007
575.4035
816.2663
499.2886
590.6488
694.34
864.5254
624.4113
500.7534
552.8179
677.3556
468.0758
524.5858
562.2479
665.3648
524.5831
602.8118
403.934
422.7418
462.1331
753.9116
333.3034
274.1281
383.3574
437.1764
350.9233
307.0169
435.1516
391.1602
317.5802
361.8563
403.8545
321.4478
435.3
531.6918
552.8558
449.9998
635.5496
511.6112
496.1631
544.2855
628.8589
688.0716
817.8811
617.6759
508.196
568.6501
531.5625
608.9075
535.4831
586.5891
498.7278
504.5614
773.8541
825.0576
506.0243
931.8758
782.1266
823.6672
489.0447
788.7432
668.5255
818.801
764.6384
659.5736
706.0659
568.1562
465.2763
698.4356
463.3924
522.3884
616.8673
703.7716
640.8562
630.7573
826.263
763.9607
652.4699
455.1306
610.1145
647.632
634.6251
590.2329
593.9675
494.1269
443.3775
328.2896
470.2853
588.7705
604.6549
889.1054
779.7531
998.0573
740.4938
755.0794
557.6608
578.9337
419.498
535.0999
500.2632
385.512
360.8757
517.8263
523.8541
798.6939
770.7891
733.0309
559.7663
638.6484
801.1725
541.5025
418.5964
317.9493
285.5338
388.9004
345.7311
386.3869
564.2244
545.7611
625.1695
520.1737
547.3007
373.2028
453.4285
498.661
511.3544
675.0961
645.0415
720.2768
432.7841
446.2643
368.6641
326.1361
350.8218
401.5025
692.1081
646.0919
566.4917
562.2459
659.4289
527.3394
600.6483
641.3075
648.2481
788.5766
665.3983
716.9409
657.5387
613.9832
704.1113
598.1381
834.9069
561.359
791.3702
631.0142
698.82
532.7656
690.8321
707.106
684.5776
659.2363
635.2274
762.7858
630.2614
650.1917
519.5766
636.7402
433.1348
454.8883
476.3484
511.3894
490.7407
595.0673
604.5852
652.619
734.989
684.8536
419.7001
668.6008
634.9409
653.0899
675.5591
770.2277
644.9806
759.7807
738.7751
837.9061
703.5668
537.4014
989.0662
680.8486
543.1463
548.7631
706.3863
665.8998
410.2544
642.7684
759.7261
711.4822
812.0425
764.4656
870.6889
676.1498
563.2074
570.3128
519.4276
517.3153
482.0303
492.0786
437.6251
504.1821
417.2239
455.8228
455.9078
293.9325
433.1856
593.9908
823.0907
650.1776
741.428
690.8495
754.8236
727.873
782.7136
901.2067
786.3874
646.8445
671.814
724.6962
476.105
519.5342
390.225
407.6598
297.7861
520.4612
514.6867
557.4481
743.5323
472.3209
425.0335
533.5876
744.9096
511.4427
484.5584
416.1411
573.3646
738.5073
537.0401
584.9141
636.8499
496.5368
497.7885
699.3205
706.4369
534.6302
677.2194
664.2947
820.7389
767.0135
594.4384
688.2512
671.6693
524.882
575.8244
599.2988
777.0687
543.887
527.4502
682.1136
545.6404
552.1753
503.8744
408.9691
408.0704
318.8748
395.5483
583.3377
683.5216
618.95
744.1938
881.0875
864.5844
916.8524
903.6219
764.8507
831.3595
830.134
692.5477
752.232
917.0007
715.0906
782.0845
694.2978
860.3101
598.6265
548.8077
741.081
718.4792
625.2519
681.8256
685.4242
570.8396
766.6915
504.5793
397.9376
443.133
545.2843
773.5715
559.7498
553.0857
492.4073
629.0591
439.1847
365.1089
541.9669
455.685
515.6291
521.7328
634.1494
724.0014
723.8527
783.8082
642.9422
891.4835
583.0389
502.9015
590.2567
606.9681
762.5819
747.6018
643.2915
810.3445
663.3172
632.5719
471.0926
721.3767
803.708
638.2342
924.3437
744.728
909.7866
854.3164
730.785
493.497
344.5106
414.5133
442.1033
533.8471
567.5786
363.0617
295.9357
572.4373
862.1792
567.2775
433.6964
523.0683
499.7065
534.0013
434.5419
492.7919
610.3538
501.0418
715.151
658.0948
590.1956
489.8341
577.3316
614.6021
494.6759
441.4132
621.9548
491.124
605.3463
367.6847
429.5723
507.8365
837.4482
497.9162
733.9782
777.3755
659.9809
502.377
591.8183
611.8379
595.2947
653.6108
605.3833
783.403
773.5009
619.5429
606.3839
492.109
427.7061
439.3897
500.0294
442.4669
485.2879
557.6559
651.0311
749.954
710.8359
789.5038
701.0252
575.4553
704.5743
668.5529
638.1964
418.9219
499.4039
443.4205
340.437
328.6542
531.5557
328.4555
356.1918
395.7135
367.8031
388.8378
407.5854
370.1957
395.105
406.4892
391.3934
369.3561
363.4926
461.5727
473.2107
497.3054
685.8855
757.1021
672.7541
811.5879
705.2881
655.2718
767.0609
781.817
590.3352
731.0843
475.0145
396.2085
643.1186
472.3215
606.5423
521.3806
572.1786
451.3736
485.5019
613.0229
753.1411
773.0281
614.219
533.9617
644.4689
626.0968
540.7015
561.8671
563.7266
629.8119
747.0504
755.7994
655.2247
653.3449
845.8095
663.1393
527.5124
634.7437
475.4806
419.0297
378.6843
568.807
729.8114
718.4202
657.5705
641.1255
555.4326
532.5385
538.0319
647.1486
791.7359
744.8728
808.1903
661.6438
629.0372
706.0275
636.7433
584.5641
613.3135
537.1278
745.0554
767.2339
596.1437
689.059
536.4367
707.6843
620.7167
756.252
767.1936
573.781
783.4729
521.7366
749.8138
606.008
790.1072
762.0387
677.8317
591.6343
440.9185
589.1679
376.5304
486.9062
693.5206
701.2138
717.2285
807.1448
693.5538
453.724
545.8294
540.1189
775.678
700.0216
980.079
1043.324
866.8986
692.3026
747.8969
655.8124
842.1603
616.9405
690.5357
606.2838
643.2533
811.4527
630.3961
507.3694
322.8469
390.0535
747.5358
623.2467
707.0838
470.8017
517.4778
592.3181
572.2418
685.2404
828.5438
716.6893
602.6972
686.3885
970.1572
698.3264
771.9479
917.2633
716.1296
756.1105
599.2597
532.5216
486.2958
555.0998
474.5507
563.7575
476.0895
382.1121
442.314
613.7761
418.483
457.1963
338.5189
325.8652
422.8808
453.137
608.9467
671.9693
660.1285
625.9139
473.4632
506.3106
371.4507
465.2638
767.7499
861.5991
542.1674
516.2448
464.5535
341.7618
608.2072
540.0196
334.9226
341.9014
385.9429
569.9671
893.3739
703.2096
816.3418
674.1444
658.2086
453.8303
283.8375
266.9023
361.9039
537.807
538.3844
698.1809
755.3827
749.2056
525.8042
621.3681
613.0531
708.9186
859.4286
676.176
774.9466
445.4003
359.6199
450.5452
663.0112
673.4414
632.6047
592.158
659.1406
701.2393
596.3566
685.0297
716.1399
795.6825
879.7641
476.1806
535.8285
513.9164
446.4919
407.2197
496.8778
620.429
525.8116
514.5072
655.7567
624.6866
554.0942
505.7186
776.685
724.7775
608.9954
511.92
548.3666
367.0985
414.9731
499.3106
360.6749
351.2836
557.9697
806.6611
747.5437
670.4763
477.0555
468.4625
670.5011
605.1958
467.1285
482.3194
339.1676
345.5632
466.7288
632.8889
709.5725
739.8821
753.4661
575.2576
591.6699
635.0103
618.4568
640.3594
574.5348
550.2123
500.1322
487.8836
666.711
697.3015
703.6695
335.6127
852.0286
855.8165
734.6108
613.0194
695.35
674.2545
675.5419
827.1248
608.418
807.2777
645.3728
703.0053
641.2248
587.9845
559.7392
338.9448
403.6281
365.1286
443.823
325.4634
496.1405
749.4761
639.9558
545.7331
756.9121
648.6728
642.7593
635.6197
565.2088
804.1511
848.2836
600.0091
502.7512
633.8776
661.8241
714.3987
600.4168
661.9796
873.1637
901.1307
773.9928
611.3139
727.9729
653.3303
869.831
515.9244
728.0927
709.5049
853.8532
812.9453
922.2712
799.7977
813.4318
757.848
604.3377
529.1699
354.076
463.5513
484.9157
587.5486
663.8222
715.6621
548.1611
619.3152
451.4162
485.9225
574.1216
520.1777
544.6383
663.1884
568.4541
419.5502
395.0862
437.2393
828.8692
550.5161
730.6502
602.2416
524.0502
487.2459
751.1043
850.51
591.3792
764.406
672.1656
622.5945
675.3185
611.3267
574.0422
595.2404
745.3912
816.4517
527.2984
564.9152
391.996
483.3129
439.3242
369.491
446.3986
510.3121
531.5101
605.486
493.287
494.7575
575.5139
657.1563
551.9246
516.5582
442.4658
545.5217
464.8195
423.2667
503.9316
481.153
449.5826
569.3595
542.6688
447.5765
526.9373
703.8721
823.5645
874.4503
793.3173
759.3683
649.5064
563.8932
610.8226
644.1185
449.1577
491.8746
701.0322
532.7101
367.4514
565.9336
462.1349
710.8098
556.5139
402.1982
397.6436
315.2728
512.8415
506.3779
483.1343
445.6892
439.4692
459.2419
526.1421
489.5879
452.6905
489.5459
445.0689
443.0544
475.0012
329.5234
455.2174
513.2456
566.3616
365.548
322.3887
297.3306
262.7947
255.4412
216.3862
196.5016
400.3544
470.0326
552.2872
518.2526
652.1657
643.6148
729.6329
598.6569
653.1288
443.4836
616.4552
532.3182
866.2061
806.2321
634.6513
590.2341
655.2208
523.3106
526.6424
456.5056
508.8795
721.339
721.9037
753.675
555.2123
624.9851
462.7536
382.3387
346.0761
326.6456
446.7522
579.7841
556.3019
460.8995
406.9333
289.0592
329.5698
351.1861
457.7842
363.7756
247.3515
357.7164
312.7681
330.7592
516.8759
538.6236
628.6467
598.0588
669.8539
841.47
761.9956
810.7891
712.9792
676.0237
692.4365
626.4171
766.1402
784.6161
851.4902
620.164
652.5704
786.152
653.0551
664.1635
649.6727
559.3408
740.3164
584.8404
640.9472
687.9842
556.6916
367.8311
417.1339
396.0798
470.6783
389.0262
689.2244
510.7147
570.5708
530.3403
333.044
587.5986
463.7757
500.486
443.503
610.2357
778.7786
619.2042
887.9274
614.0742
591.6183
695.1188
554.285
639.42
986.7063
671.8916
645.8187
841.5929
687.2363
629.9245
576.353
395.5419
249.8386
307.4284
342.718
501.9971
331.9311
284.3093
515.6512
489.9914
541.0239
515.3467
747.4076
734.589
707.8319
656.3224
667.1926
679.7336
779.3556
897.6817
505.938
314.1006
288.5921
259.1812
300.5632
441.6712
607.8924
626.8823
843.3732
708.4498
668.4981
661.1583
586.1019
488.3718
668.5281
796.1974
626.6145
737.326
727.2417
684.57
695.2162
702.0095
408.9631
392.3477
468.475
646.5241
806.5873
756.111
754.3663
538.5592
469.2451
599.8407
568.6535
420.751
503.6567
641.217
574.691
720.3053
622.0106
708.5194
626.7219
721.3309
717.3507
604.5619
683.0115
465.9263
658.228
746.5188
828.1953
764.8672
694.0932
517.8532
544.4004
439.1135
427.6982
713.7015
620.9552
840.9839
749.4783
737.2284
819.2666
641.7963
579.7982
853.9516
615.3795
360.9335
488.2917
574.0997
514.6556
457.1848
537.5781
589.8178
466.0329
448.6288
452.4916
380.0106
557.0327
793.7148
632.7857
558.5038
825.1885
926.4706
754.5892
590.0301
467.9299
706.6962
577.1807
646.3775
719.1651
507.8061
547.0353
487.3772
511.7745
608.8051
506.2274
515.0259
614.8637
473.8572
727.8587
581.6106
611.4733
364.2152
425.2179
328.942
616.9169
710.4806
624.8395
618.2708
704.8926
656.9826
470.0563
562.324
456.5641
394.771
613.6846
397.4193
640.7769
459.5292
626.3617
639.737
291.6042
465.6932
708.7504
514.7212
582.1424
507.0683
464.9275
617.1287
561.4127
666.2296
570.1775
786.2825
764.9546
527.462
574.5762
410.2651
701.4632
469.5326
679.5794
777.6917
552.8884
442.7321
336.8578
483.7383
561.3273
529.1808
607.8717
539.384
506.6593
725.0036
566.3884
741.5844
559.1254
492.9401
642.1537
670.085
723.5217
752.275
789.19
703.7172
766.5338
1044.791
700.1635
720.8324
614.495
435.2651
604.642
573.0961
540.8491
379.6327
538.2998
571.3875
376.0295
428.0855
409.1412
392.7415
359.2726
337.3683
587.7817
578.4352
570.9908
473.4632
351.3942
414.7076
476.9228
587.3391
572.7028
620.7608
572.1423
405.7845
380.2499
539.093
503.7076
516.7154
360.8025
434.5091
367.7663
481.9084
444.1869
595.4496
703.564
588.2229
823.1083
811.9223
691.513
544.5829
645.4868
614.1973
590.0511
472.4961
400.1966
648.2808
543.3468
465.8664
599.5614
670.3263
558.2121
706.5268
491.0009
468.0881
499.47
580.0264
557.3529
499.4247
478.4777
381.7276
369.8799
349.2953
384.7324
380.5675
476.4118
477.2116
361.6347
379.4887
422.026
253.396
341.3372
342.202
339.5054
574.2388
565.0099
517.3599
789.404
643.7009
663.8615
575.6762
635.92
607.9691
381.4507
256.3963
252.7052
311.7608
519.1293
589.01
611.625
726.3716
569.7383
935.16
844.4365
649.0316
539.4933
577.4545
550.8281
461.7704
672.4527
597.8833
877.9169
475.8227
589.6171
586.6921
680.9401
722.0623
872.2383
833.687
442.0394
766.6719
705.8603
682.7309
690.3844
751.2033
929.8719
758.2001
726.7548
890.1385
717.7702
724.5261
875.2567
527.819
360.9895
433.3732
565.8053
757.9704
1013.998
816.046
760.2823
589.0916
743.9727
565.5211
564.9536
557.6498
703.8862
628.7499
721.9431
847.1108
585.1312
450.993
424.5148
572.1279
524.7593
635.1682
482.1855
485.4519
639.0893
551.5194
631.2411
582.7559
646.3309
618.8417
514.0892
467.4212
615.7869
688.8615
605.2624
672.9402
539.1389
573.7647
710.8601
454.6803
328.3261
469.9557
473.7571
550.4867
565.1958
531.6325
463.4935
378.817
412.9811
496.026
627.3838
525.4407
764.8491
590.6711
631.0118
558.4548
464.7199
455.2111
475.558
648.6999
757.0069
639.8696
956.0675
664.5482
445.8911
679.6703
444.1835
549.0643
479.5344
460.8639
406.4167
365.9124
495.8668
574.2506
510.9132
320.4784
402.5662
422.9504
579.7471
618.2745
754.9726
708.6252
654.3687
737.5555
439.5379
463.9361
561.9825
521.1587
574.3953
820.9486
726.5086
668.0636
571.8016
468.4512
819.6188
750.8353
701.6795
592.252
705.1145
730.6958
745.2653
672.7714
678.7117
628.3942
662.5159
951.845
893.7763
927.947
820.5021
963.3615
687.5719
910.5154
729.4283
636.1782
609.5153
865.6073
805.1796
420.23
362.3927
354.3684
370.0495
394.3589
318.88
464.5186
574.8306
469.3865
572.0023
340.253
416.2279
469.4483
724.4467
883.3497
680.0527
625.1881
479.5298
523.5895
399.1312
408.86
419.4955
674.5207
742.0873
749.4249
659.6028
633.0207
531.9134
461.3145
572.8846
407.7425
397.7294
404.1453
457.7139
710.4887
514.5253
593.1253
643.8718
584.0396
652.8416
792.3604
550.6344
779.3224
811.2843
854.4682
764.7101
708.3412
610.2176
488.215
408.8018
471.4769
428.9028
392.5825
735.9418
603.5884
550.2149
588.6551
876.3168
672.5763
460.3158
456.7182
503.6644
401.9915
580.5238
575.5775
452.4222
400.4906
582.7499
780.8677
739.1036
711.5968
571.8951
567.9559
507.6525
415.4671
357.0842
604.7675
623.3266
592.3117
575.7314
369.0979
432.1199
345.3301
575.2303
444.5106
472.1225
609.3206
474.1525
559.1424
272.6688
268.8342
492.609
529.9159
515.712
699.5017
364.0253
269.9682
