PC1 PC2
0.6253394 -1.321359
0.846862 2.562969
2.549046 -0.6820329
-1.081465 0.6817507
1.24668 1.034205
0.5350222 1.771196
-0.514812 0.9976376
0.5602445 1.476307
1.01683 1.585847
0.5165127 -0.7652355
0.7311668 0.782146
1.223919 2.856117
0.556841 1.29473
0.5546619 0.7798255
1.474912 -0.5304575
-0.2545121 2.071229
0.8683239 0.6426269
0.6309034 2.266703
0.07478995 4.08225
-0.2111617 2.805674
0.3466099 0.5352158
-0.4862694 2.788772
-0.2573974 3.318903
-2.304237 1.951247
3.21118 1.556414
3.482791 0.7056687
1.992649 3.507277
-1.165554 4.290578
0.8278007 4.024264
1.095007 -0.07199715
-1.384204 0.3539349
-0.03407173 0.720375
1.424845 3.919025
-0.26185 1.877807
-0.6451746 2.421878
-0.1500495 3.925588
0.3845916 3.365231
0.5784306 2.997008
-0.7715218 1.656644
2.13859 1.737923
0.5058023 3.616003
1.51969 -0.0506983
1.831283 1.044934
1.809842 -0.05080438
3.044115 0.3879573
-1.207474 1.397525
-1.389332 -1.750633
1.162028 0.1342948
-0.3253335 0.2541843
-0.3232716 1.795483
0.06076974 1.551716
1.155555 2.750823
0.4128422 -1.081171
1.320489 0.3791988
0.6920755 2.842282
-0.3084623 0.5409685
0.3409013 1.560797
2.172248 2.533768
0.7034255 1.138846
0.5564032 0.4022863
0.2273768 1.421862
-1.199158 1.345223
-1.716232 -1.03811
1.11149 1.820008
-0.07116831 2.26632
-1.951387 0.7119777
-1.280037 0.5150544
-1.812327 -0.2292122
-0.01341194 1.751025
1.299266 0.9439688
-0.5946873 1.304174
1.776399 -0.3664354
-0.3861013 1.549992
0.1263614 -1.031552
0.1097444 1.767545
-1.274129 1.035203
1.107349 1.200715
2.800479 0.7179908
1.258371 -0.2329905
0.6194135 1.813683
2.147111 3.052542
0.1250241 1.471373
1.427544 2.112894
-1.477741 1.42527
0.4024077 2.124266
2.250734 1.793212
0.6484253 -0.02849275
0.8793315 1.244322
1.11867 3.230842
0.6325131 0.1854288
-1.552789 1.255817
-0.5431526 1.909097
0.1674378 2.415035
0.3675401 2.810801
1.036249 0.5131407
0.2942828 -0.0203577
-0.3989794 2.445969
0.2049832 3.738291
-0.1328701 0.9312266
-0.3609519 1.83388
0.5897012 1.518545
1.212573 -0.07504271
0.9724352 1.039502
-0.6709308 0.6264335
-0.2068316 1.907982
-0.1998922 0.2241214
-1.365135 0.9170958
1.678678 2.091049
0.2024436 1.965912
-1.929022 0.8554104
-0.04567875 2.100792
-1.215348 2.905336
1.348837 -0.4035457
2.164132 0.8163741
1.570684 1.00642
2.299519 0.5821652
1.298012 -0.4543914
0.416799 1.881242
0.5508399 1.709562
1.475336 -1.48609
-1.098244 -0.3960485
-0.8326651 2.163717
1.654596 1.654232
0.5762405 0.5290006
3.285065 2.047074
0.7412858 1.129206
0.5555984 1.649459
0.2348652 -0.4520537
2.993641 1.804125
3.725436 0.7094445
1.486168 2.468513
0.106942 0.1785178
0.5834718 0.4964005
-0.4964012 0.4383987
-1.033617 1.5669
0.4477937 1.895308
-1.978125 3.840571
1.062203 2.621684
-1.024638 -1.129324
-0.4032785 0.7200384
-1.11885 -1.791967
-2.497847 -0.1553955
-1.143151 0.3675036
1.63027 1.996012
0.8197641 -1.602234
0.7264885 0.8221694
-0.3896866 0.7742868
-2.576087 2.185085
-0.02343531 2.874277
1.777779 0.6188141
0.5515274 2.950164
1.582309 2.23306
-0.08484445 1.493472
-0.02925416 1.475473
0.05033411 2.173567
0.481592 0.343818
0.03507513 -0.2315844
-0.149093 1.256081
-0.1934383 1.221098
0.7559633 0.8116181
-0.1378274 1.149727
-0.01086115 1.38399
-0.06309107 2.558481
2.83499 0.04386881
2.938749 -2.057596
0.5225745 0.7634471
-0.1562416 0.08427013
0.7793604 2.958835
-1.202719 2.246357
-1.481952 1.666018
0.1226416 3.180828
0.6534561 0.2005815
-1.253198 1.959257
-0.08570353 1.732748
-0.8164975 -0.9612747
-0.1839379 1.54219
-0.3428548 -0.1158485
0.5921975 1.77098
-0.08865134 2.247518
0.4158009 1.758418
1.851374 2.321177
1.054609 2.396203
-0.4925115 4.452703
-0.2297497 -0.7214067
1.842369 0.03228932
-0.5223498 1.407008
-1.160696 1.598257
0.0672597 1.3591
0.564386 0.1460576
1.380168 2.370709
1.521155 3.52759
-0.02879333 1.036513
0.8742064 0.5290262
-0.4927349 1.428635
-0.5103114 1.568905
1.237732 -0.01066802
1.547626 0.6463145
0.726006 0.4914958
-0.5238769 -0.1407779
0.8341977 3.014669
0.2836332 1.78683
2.104028 1.031939
2.36617 0.7192073
1.608987 1.864495
-0.3489212 1.079558
0.3359101 0.5155591
2.714125 0.1213485
2.356529 -0.06887932
1.538108 -1.498255
0.1943467 1.169905
1.1342 -0.3451759
0.2669035 -0.9205212
0.26326 2.549417
-3.25188 2.682585
-0.8131334 3.267197
0.7690919 0.940226
0.8072646 0.07843673
-0.3501387 1.727532
0.1486013 0.0990099
-0.4277233 3.455096
-0.6118578 0.3108763
0.2316446 1.842948
-0.6919294 0.5493114
0.7613589 2.564625
1.492004 -0.188673
3.002118 -0.4007466
1.115218 1.060858
0.7696191 0.709653
2.249947 0.5892975
2.247472 0.0208058
1.303479 1.662515
-0.2266548 0.5283534
0.03270686 -0.3762841
-0.5960225 0.4209941
3.244529 2.54166
1.384547 1.838987
0.01970113 1.763416
0.2977967 0.8317394
0.04936105 -0.3345333
-0.2709495 0.06922106
-1.702238 0.7879564
-0.4116402 2.256979
-0.8338353 2.182078
-1.688771 1.072307
-1.552069 2.052535
-0.854298 0.4879083
-1.421628 1.2049
0.8658955 1.255194
0.48803 2.509711
-0.392852 2.898328
-1.736446 1.866785
-2.514395 3.240806
-0.6316806 0.8311553
-0.751548 -0.2264471
0.05312117 1.722245
-0.2216857 1.263595
0.6366029 1.731644
3.443748 1.01901
3.530722 -0.9130238
2.702419 -0.9035602
1.122019 -1.310814
1.132124 3.141989
-0.1052679 2.056929
-0.1398186 2.235749
0.7298856 6.191242
0.4336015 2.270232
0.5426732 1.955692
0.4095503 3.026339
0.397484 1.812924
0.6209282 1.113252
-0.7226404 -0.09658909
1.151516 1.321523
-1.161612 2.26409
-1.952711 0.4622869
0.06145276 -1.177963
-0.611057 2.463241
1.176471 3.868009
2.805871 2.179824
1.770386 0.1299636
1.181121 1.164939
-0.7524856 2.214832
-1.227027 2.752826
-1.205441 1.698092
0.1678551 1.658565
0.2943589 0.3983959
-1.03811 0.05400649
-0.3005311 0.6821584
1.359422 0.7224074
1.053037 2.695383
1.089206 0.5941284
-0.2390927 3.086235
2.280486 1.700776
-1.945156 0.2727445
2.483576 3.416859
1.545677 1.005011
-0.3786793 1.067252
-1.087421 0.2958478
-0.2307825 0.2987913
1.888299 0.3970404
1.234548 0.1354831
0.3272108 -0.0631289
-3.145939 2.894349
-0.8463388 1.698016
2.481499 2.447791
0.8150725 0.4208221
1.182903 0.8365127
1.134727 3.453205
1.044719 -2.498104
1.970472 -1.524756
0.8610528 1.393131
-0.6181399 1.448994
0.003219787 1.500418
1.322746 1.707826
-0.8142927 1.522523
1.836146 1.088769
-1.333436 2.998765
-0.6320148 0.9936128
1.300655 0.2497461
-0.2856387 1.099991
0.9839671 2.479151
1.281138 2.756006
0.4204416 1.981205
2.96943 1.65417
1.186402 4.632371
-0.5430929 3.566177
-0.9153214 2.135867
-0.4833405 1.0487
1.475123 0.4861017
0.4820485 2.666376
0.04251063 1.109577
0.4862381 2.890958
1.76778 0.9951155
0.288508 1.228977
0.3056439 -1.052274
1.129381 2.571084
-0.6944722 2.25245
-1.470036 2.323924
-4.500587 2.478942
0.06082741 0.8957019
0.4361108 0.5184415
1.660063 -0.7571703
-0.8814113 -0.2326577
1.155819 0.5087583
0.09973316 0.2316514
1.625822 -0.1595286
1.76704 1.513726
-1.68837 -0.510174
0.3476099 1.636825
0.2101049 3.166987
1.259188 2.566251
0.3648973 0.7000445
2.984034 1.776295
1.011375 1.66293
0.4040466 0.1127362
1.470353 1.348121
-0.7889246 1.712037
0.5457763 2.594674
-1.290797 2.046819
-0.2514839 1.83438
-0.1257769 -0.4893137
-0.9226503 1.373282
-1.432592 0.2205098
-1.401478 1.731311
2.054026 2.363688
1.063459 3.04414
0.04126261 -0.7595295
1.69332 -2.728597
-1.480551 -1.482185
1.549159 1.627443
1.165722 1.404338
-0.5419672 1.334455
-1.867729 1.690949
-1.477458 0.7634454
-1.069399 -0.2710452
-1.852202 -0.3947288
0.8776833 0.9657704
1.575915 1.879878
1.936576 1.004472
0.9760359 2.054429
1.162961 -0.05042641
0.8146899 2.069324
-2.074814 0.4042227
0.8091634 4.166649
-1.018482 3.531213
0.1351845 1.555433
-2.414305 0.2146582
-0.8522396 0.7487558
-0.5466514 1.441893
0.6210056 0.2028178
-1.446687 -0.2404326
0.09707254 1.976961
-1.068787 1.470079
-0.903343 0.3133196
-0.2125433 -1.036901
0.5418078 -0.4749827
-0.01319193 1.863294
2.480768 1.306447
0.7709125 2.660477
0.7072558 3.159865
0.005065744 1.376198
-0.5325825 1.894471
-1.106436 1.499883
-0.6323592 1.193034
-2.2045 0.7649665
0.4789539 1.039303
-0.5679284 -0.1102532
1.559512 2.629761
2.206509 0.404786
0.01671287 -2.104396
1.984318 -1.135981
2.94434 -1.504942
2.062483 -0.3131904
1.794316 2.248869
2.156928 4.418
1.35561 2.77042
0.5808565 1.346284
0.9062611 1.571071
-2.510794 1.196427
-1.059323 1.87825
-1.318294 3.902934
-0.6950716 1.129694
-0.06784454 2.909331
-0.735967 0.2666335
-1.689625 0.1307277
1.968678 3.471708
-1.411001 2.392592
1.502024 1.968162
-0.3958645 1.130886
-1.733201 2.807149
0.004032209 1.176988
1.531613 0.839502
1.240005 1.889208
0.4046907 2.363301
0.6578483 0.5672443
0.9737564 2.976342
0.5855537 1.930283
1.564074 2.119184
0.2870187 2.135251
-1.270184 1.551149
0.1022699 0.8770921
0.5071551 0.3658019
1.229448 0.7138438
-2.337075 3.38737
-0.6002088 2.67812
0.1224091 3.654046
0.6029959 3.38244
0.3848718 2.638515
2.93419 1.690211
-0.2099118 1.519932
-0.3442123 2.584066
0.7057421 0.7741877
0.2598278 0.9988672
-0.1477596 0.4755517
-0.3518738 -1.176779
0.279281 0.004985492
1.33822 0.5133922
1.249219 0.6725851
0.02127759 1.794433
-2.04304 1.073784
1.416277 0.3543105
2.189259 2.267317
1.718533 -0.3915362
2.61742 0.976391
1.791839 1.366888
-0.1724322 2.080324
1.051972 -0.1785096
0.2506684 -0.3368494
0.8136717 -2.180682
2.736937 0.444215
0.2125574 -0.2939352
0.317669 0.01038736
0.2431151 1.747082
0.8145919 2.571431
-1.532662 4.031947
1.289147 2.912901
1.47822 0.09647269
0.8237504 1.813066
0.3194204 0.7657075
3.129341 2.097902
-1.268792 4.066624
1.365027 1.73767
0.2984059 0.6302419
0.2458486 1.02952
-2.137143 2.935367
-0.1407432 2.861675
0.3889742 3.264175
0.01904474 2.408494
-0.648251 2.1717
-0.8400954 0.4319611
-0.5789318 0.4058368
0.5555001 0.6311583
0.5588286 2.894768
-1.26632 0.6621142
1.173361 1.695413
0.3077663 0.9637924
-0.4651666 -2.125899
0.5158886 0.6023982
0.1626405 2.714262
-1.262176 1.035176
1.133817 3.711994
-1.628128 3.672274
2.735618 3.306334
-0.3167152 1.181947
-1.952962 1.050883
0.3029719 -0.3451222
2.415906 2.761985
2.226535 1.632553
3.342583 3.294765
-0.4529951 2.335405
1.153292 0.0709529
-0.4545528 1.608409
-0.9292535 1.269897
0.7736036 1.216196
0.3765735 0.9558468
1.101253 2.581298
1.227077 -0.2052607
0.3175211 1.820312
1.331114 2.604476
0.0821075 1.069974
1.514062 0.932281
-1.75038 0.5509425
-0.3703242 0.4854528
1.147569 1.865025
2.455502 0.7278319
0.03943769 -0.6529204
0.4512338 -0.2034385
0.162978 -0.3905237
0.693999 1.935962
-0.04933758 2.058641
-1.615469 0.2739988
0.1768906 2.07162
1.044269 0.9034008
0.1748638 1.121104
-0.1274685 1.10454
0.7166366 3.427662
0.8844858 2.600251
-0.5984569 0.2677173
2.005521 -0.5108326
0.2305955 1.070361
1.998561 -0.3364722
0.1924619 2.373964
-0.4010803 1.109589
-1.202113 0.09686252
1.180967 0.03665085
1.611766 1.555645
-0.7654755 -0.8684925
1.789521 2.174837
1.397001 2.623381
1.577334 0.4270965
2.923676 3.330235
1.136025 1.531346
-1.843165 -0.4444378
-2.263244 0.6938756
-0.4267212 2.031039
0.1628661 2.349726
0.8424812 0.8192677
-1.005561 0.9042165
0.1831269 0.6411988
0.482832 0.9573591
0.5231285 0.3332982
-0.4695511 2.623333
-1.255794 -0.7981306
1.314031 -0.2920199
0.1331038 2.194477
2.004266 1.700414
1.10016 4.003357
0.2766394 2.070583
-2.192122 1.008912
0.1384043 0.7056717
0.2170218 2.0955
0.3246469 2.20094
0.8151194 2.526349
-0.7381127 2.655431
0.004226098 -0.7405899
1.516271 2.130365
0.6582293 2.081099
-1.182311 1.484217
-0.4498086 -1.045918
-0.394357 1.139488
0.3835397 -0.4864811
0.6848039 -1.01763
-1.123422 -0.860829
-0.1290988 1.675133
0.5672074 1.4427
-0.5570823 1.471639
-1.756706 0.6765234
-1.564941 -0.6450939
-2.366876 -1.89324
0.2348258 0.5664799
0.9026047 3.881207
-1.290442 1.106297
-0.5731903 -0.303911
0.6863365 -0.978479
0.105948 1.244315
0.8803557 1.770337
0.4290666 -0.1937814
-1.894763 2.280873
-0.3635034 2.361052
0.7605556 1.995437
0.9734451 2.006414
-0.9899609 -0.01660684
0.2400403 -0.5230688
1.357041 1.83916
2.221749 2.562071
-0.9839479 2.364172
1.268529 0.7146538
-0.06024789 1.781038
1.301081 2.578641
1.849821 1.606988
0.5267301 0.8993904
-2.108074 -0.3606922
0.07900686 2.572543
0.7110748 1.280526
-0.4758343 3.025318
1.323544 -0.07549941
-0.8518059 0.1668254
-2.164142 1.77113
-2.336336 0.9124437
-0.9236868 -0.1477925
2.128958 0.743284
0.05684876 1.21661
-0.4524371 1.202081
0.04606663 2.484731
1.183559 3.016925
0.1029655 2.344036
0.2570391 1.294327
-0.7719926 0.2303004
0.5755789 -1.898536
2.464391 1.077059
2.493265 1.36452
0.6661693 2.679273
-0.1005505 4.864014
-0.2167761 2.364882
2.267733 2.226123
1.011804 2.20228
-0.3523965 2.71157
1.246649 0.864136
-0.4059104 0.6473061
-0.03489221 3.080938
1.456578 -0.6867647
2.462229 0.7839735
-0.9758407 1.833223
1.12456 3.470033
0.03494146 1.595539
1.854159 0.5294681
-1.716599 -1.426329
-1.300064 0.7756544
0.5597024 3.238617
-0.34708 -0.1703815
0.5431345 1.885182
1.873692 2.024249
-0.623038 -0.6893309
1.696138 0.1683637
1.403899 0.4476377
1.813855 1.709957
1.645589 1.914651
0.1841775 3.447468
-0.3855354 1.840331
0.8112493 0.2278559
0.9174262 0.4982762
1.46288 2.101283
-1.158571 1.685695
-0.1742958 0.7938985
1.736042 0.6358836
1.434723 0.7503041
1.997228 -0.2317901
1.758771 1.556224
3.731159 2.693682
1.289798 3.069107
3.185148 -0.9562757
-0.4143672 -0.4821385
0.3423642 1.20776
-0.436095 -0.3355338
-0.9566739 3.18641
-0.7010285 2.574632
0.3994888 -1.090688
-0.1398157 0.5393561
1.865846 1.96696
-1.07733 3.232245
1.168227 3.79752
-0.763837 2.369952
-0.5827983 2.16521
0.07537177 0.3146286
0.1018494 4.386358
0.3945758 2.546456
0.8699199 1.241488
0.6942843 2.184337
0.5962146 2.804402
-0.4193803 3.22597
-0.5995344 0.173553
2.170439 2.897261
0.9103732 4.066959
0.7385508 1.869685
0.4354789 0.8651762
-0.583255 1.242154
0.7614344 1.686026
-0.7182907 0.5032444
0.4839994 4.610463
2.015044 2.539078
2.831123 2.915634
0.7509612 0.3984481
0.5835036 1.170195
-1.41 0.3812414
-0.7882049 0.4911758
-0.6659126 3.326231
0.8546796 1.577042
-0.1243704 0.2258472
0.01068191 4.127536
2.471789 0.773722
-2.409413 1.112368
-0.6237493 0.2295174
0.04544768 1.652885
0.05220578 0.7785278
2.582641 1.542155
0.9236281 0.2473744
-0.6914115 2.342153
-0.3249425 1.381637
0.0866845 -0.192408
0.7649217 -1.903798
-0.4209693 1.179878
1.480671 2.156323
-2.240834 2.38821
-2.449037 2.075412
-0.4659217 1.094847
-0.5404348 1.199105
-0.05667913 -1.275129
-0.0681145 -2.234059
0.7496828 -1.193816
0.7106207 -0.6384054
1.438978 0.8295283
-2.204284 1.932669
-1.245387 2.209995
-0.3396596 3.626353
-1.416209 0.9231641
0.9124321 1.256541
2.533571 0.6527371
1.3023 0.02588987
1.142777 0.3707688
-0.4916388 1.073851
1.999087 -0.5457722
1.107133 0.5391156
1.478595 1.122541
0.686358 2.911972
2.080611 1.612211
-1.204736 -1.247011
0.0366052 2.000227
0.9706976 2.351917
1.6734 1.830841
1.501973 1.204424
2.393123 1.683409
1.953185 -0.4183316
0.1660383 0.2070133
-0.11557 1.281144
0.1841926 3.014381
-0.641294 3.38414
0.7294161 2.787979
0.4234571 3.298579
1.406585 3.386533
-1.176224 0.614604
-0.2115565 -1.266806
-0.5612256 0.03467578
-0.8472596 -1.504885
0.1026844 -1.603815
-1.974841 0.9982149
2.730166 1.170258
0.9526313 1.56036
-0.476799 -0.2235112
-0.466988 -1.946346
2.151212 -0.7044832
0.2119811 2.527515
-2.516395 0.9450154
0.7983061 0.1443002
-0.260255 1.645908
-1.143825 1.135883
0.3929381 -0.3413333
-0.338532 1.786764
1.417702 0.6588364
1.695772 1.799387
0.470112 1.353267
-0.3395701 2.787047
-0.07928497 0.5486749
0.2111958 2.885856
-1.170383 2.333147
0.5640147 1.603706
-0.2758826 1.635014
0.06067415 1.476675
-0.3712949 1.560616
-1.693412 1.255925
0.8468306 3.252355
2.230042 2.778934
2.059845 1.909953
0.2478792 3.117326
2.018336 1.104024
0.2204954 -0.4571149
-0.4351008 2.078535
1.807666 1.881178
0.06055824 0.9237638
0.667395 1.330037
0.1112813 1.28165
-0.2663141 2.362365
0.6261972 1.038685
1.155797 1.112628
0.6770814 0.0465099
1.566516 3.314217
0.4393634 0.9860403
2.181507 1.753163
-0.5685314 1.579151
-0.1208004 3.539645
2.592708 0.1091698
-0.7686837 1.538484
0.4262448 1.940603
2.230383 2.803336
-2.21055 1.720704
-1.660259 2.255501
1.377297 3.026461
0.4324545 1.601636
-0.7716728 0.8313067
1.488148 1.975589
1.246481 2.515889
2.34996 2.510662
0.3703876 1.641417
0.9066745 -0.08631186
1.489066 0.9641671
-2.532122 1.273786
-0.2152121 2.064824
0.7726828 1.986478
1.080719 0.1427278
-0.7057302 1.95204
1.854597 0.2054123
1.541731 1.587251
0.2130361 2.52754
-1.580319 -0.390123
1.126446 2.52539
-0.3796326 2.235125
0.5459118 1.329565
1.700428 2.269297
0.8947586 1.763481
0.1670443 1.667551
0.09326913 1.335565
0.8628775 1.743355
1.825587 2.686875
-0.2634367 0.524222
-1.2397 3.119969
0.02513404 1.799768
1.234055 -0.4771928
2.261082 -1.102129
1.487935 0.4526063
2.911673 0.5062525
-1.60682 3.022106
-0.8274291 5.605173
0.4870029 4.146112
0.5449562 2.414466
-0.4321517 -0.1449435
-0.5873492 0.5032422
-0.0485749 2.3909
2.34841 0.6954594
-2.668964 0.6586864
1.347135 2.288546
-1.133179 0.2054518
-0.0007666425 1.340585
0.7970429 1.240623
2.20896 1.521598
0.6654528 1.116799
-0.6764721 1.170971
1.200862 -0.113335
0.5151074 0.5078926
-0.7196651 1.792437
-0.3694626 2.733596
0.845149 1.284644
0.5193214 3.148954
1.564109 2.015699
-0.5983045 2.365887
-0.08487247 -0.6915783
1.759124 1.259035
3.027692 0.4306066
-0.05296415 2.558991
-0.1276524 -0.3513679
0.9369274 -0.1892943
0.8958189 2.080934
-1.456956 3.811217
1.349337 2.507273
-0.3565894 2.177259
1.075277 0.4921603
-0.0268992 0.007261705
0.6605517 -0.4086828
0.5545565 -0.07207835
-0.981046 0.1588049
-1.789015 1.884771
0.2268492 1.154902
2.60497 1.407633
-0.9373268 2.38619
0.8266417 1.092786
-0.991636 0.6733713
-0.5595867 1.060391
2.381687 1.579161
2.24965 -0.7857671
1.27798 2.157517
-0.1288692 0.05827821
1.233489 -0.1428454
-0.2813163 1.541329
0.3117191 2.008547
-1.308749 1.717317
-0.2352176 3.3903
-0.2510012 2.355647
1.12205 0.6424793
-0.01831488 1.306593
0.3612134 1.714588
-0.06027328 2.545228
2.155726 2.045009
-0.2205917 2.401128
-0.47507 4.382691
2.161439 1.257318
-1.101837 0.2943416
-1.533955 1.644911
-0.4189863 -1.702576
0.235301 -0.5749794
-2.285745 -0.113749
0.2211016 -1.599997
-2.032815 1.125419
-0.3090643 1.168704
-0.7460682 2.635588
2.503321 1.392376
0.8554466 2.734282
0.2454813 1.854343
0.6160545 1.15496
1.280917 2.702236
-0.6367995 0.5355818
-0.6078304 3.007343
0.775104 2.136072
-1.66474 2.586158
-0.09118437 -0.3571584
2.541997 4.128854
0.7126956 1.737311
-1.109405 0.5918143
1.713778 0.7412305
1.008429 1.339014
0.5628035 -1.755558
0.8412221 2.943266
-0.6415125 4.331275
1.746041 -0.06781982
-0.2656519 3.291262
-1.002462 0.4197306
2.994485 2.992198
1.848972 -0.2882275
-0.4317391 1.606545
2.213938 2.462206
-0.3954638 0.2979666
1.31048 3.11178
0.904108 -0.263756
0.5039409 1.239058
-0.02108433 3.043749
-0.8179165 -0.8503956
-0.5655469 0.1519828
-1.64655 0.9483376
0.243828 1.234225
0.07770111 3.075286
1.866197 3.512943
0.569318 2.746128
0.228677 2.280861
-0.7892615 3.275794
-0.4809033 0.4544018
0.2080966 -0.4060866
-1.473179 0.1788552
-0.5674942 -1.339035
-0.7015888 0.8889362
0.9564636 -0.1157678
2.420567 -0.6743929
-0.6773295 -0.4577657
0.4132811 2.069947
1.418041 1.954425
-1.596038 0.7924384
-0.2243386 0.321422
0.2127397 -0.4124232
0.8251892 2.317965
-0.1889524 1.304941
-0.1984406 0.55928
-0.3069961 3.29344
2.294061 2.760016
1.394883 2.327276
1.84037 0.3121512
1.412798 0.9743323
1.986073 -0.5157269
1.34723 1.876727
1.696731 0.8507434
1.350175 1.547551
-0.01756763 0.4744652
-2.099151 1.153866
-2.7478 0.8454181
-2.312382 -0.7255358
-1.067871 -0.1142035
1.19622 0.7593312
1.298681 -0.9045266
-0.3848282 2.084683
1.683271 4.351857
1.45467 0.8891921
-0.1460235 0.4028249
-0.2566361 1.698488
0.3097477 0.9108556
-2.07909 0.5746908
-0.1768323 0.5403135
-0.5204026 0.3455548
-1.25866 2.457205
-1.911279 3.429389
-0.9773349 0.7849086
0.5076121 0.8535679
-0.2919706 0.9746436
0.2115654 1.299843
0.9956354 1.676477
1.194034 1.509577
-0.8032381 1.610705
1.516706 1.827297
1.146019 0.3593731
-0.2655458 0.1797246
0.3693376 1.131962
-0.3171753 1.366891
0.7226867 1.481554
0.9661787 3.289876
-0.5108489 0.2527276
-0.3047983 1.254671
0.4315612 0.5384269
-1.027676 1.600718
-1.270831 0.8069653
-1.828505 2.177131
-0.6269828 1.904352
0.5496883 3.592053
0.3364426 2.937768
0.2423756 0.9703321
0.3339996 1.172209
-0.1911448 0.2052812
0.6707812 1.636777
1.374963 2.11756
-0.4789242 3.060546
0.1099631 2.560681
-0.4728129 0.3057929
-0.507556 1.23182
0.1449738 0.5934995
2.123549 2.373279
-1.750282 1.783752
-1.61508 1.858338
-1.2405 2.267338
2.255799 3.971602
1.651753 0.2744167
3.346004 2.091399
2.096526 3.565364
0.1014804 3.188479
0.6367991 4.026325
1.422987 0.7473402
0.9095668 1.629635
1.142881 -1.041424
-1.479356 -0.001675436
-0.7318138 1.793521
0.8842018 1.207842
0.01206791 1.478361
-0.6193444 2.235276
-1.329114 2.098738
-0.2169236 0.7852459
0.3059029 0.3619626
0.1291103 1.154292
1.057412 1.246626
-0.3379654 1.411006
2.377053 1.304414
1.172335 0.8067447
-1.670796 2.442909
-1.874904 0.5115665
-0.6432943 -0.3311069
-1.049517 1.544089
0.9659775 1.137358
-0.4482406 -0.4235083
-0.9969851 4.114261
-0.4503439 2.589694
0.1480991 2.674684
0.6721279 0.09586602
-0.5760799 1.790523
0.3740453 1.633895
-1.63729 1.576115
-0.07991139 1.044299
1.219795 -0.04717721
-1.256043 -0.1495314
0.173625 0.5513596
0.5109551 0.6973799
0.001991516 1.351458
-1.14906 3.940495
-0.5623342 2.745114
-1.724481 1.930318
1.998632 1.198946
1.067822 2.86941
-0.9072186 0.4927956
0.3308812 3.769126
1.091602 2.008049
-0.4607233 2.16865
-1.723854 1.215331
-0.4930786 0.8844553
1.94292 2.419978
0.6951913 0.9996357
-0.5414932 2.136095
0.6189952 0.4430133
1.916719 0.5726815
0.9533748 3.645265
1.416341 3.551044
-0.1466517 2.636931
-0.468685 1.074199
0.6075981 3.574747
2.809309 1.912597
2.499755 1.834913
0.1853207 0.3640118
-2.861906 2.078962
0.0210191 1.539726
1.722595 3.97985
0.9975689 2.688953
3.186439 2.895005
-0.985828 2.396017
-0.07700205 2.110772
1.56307 1.607267
0.2064025 1.305954
1.459892 1.090779
0.5629426 2.914039
1.877231 0.9230675
-0.04434529 -0.1500118
0.2259533 1.004659
-0.1146389 -0.37134
0.489925 -0.01814947
1.45936 0.6644269
-1.816513 2.860109
2.055862 1.08998
0.3412901 0.1363902
1.394252 0.6937449
-1.768343 1.247486
0.5099704 3.36913
0.3503411 -1.054479
0.8211123 3.236454
2.158922 2.002082
-0.8338999 1.142011
0.2006955 0.06918061
-0.1310178 0.9859591
-1.007033 1.691322
1.094835 0.5430082
-0.75092 -0.8134633
-1.490989 3.670933
-0.125362 2.639487
0.9787388 0.2901849
-0.1447691 0.8371396
0.8186928 0.9256913
0.4931134 2.22592
0.3532381 0.4046623
-1.582004 0.9199955
-0.7062916 0.23492
-0.2257398 1.846534
-1.22444 -0.7945887
0.6160264 -0.4863698
2.720251 -0.1475725
0.9586472 3.051244
0.6492762 0.376693
0.9160609 0.2488932
1.394895 0.6665955
-0.6529939 0.666861
-0.3493576 1.412674
0.005086897 1.184516
1.569443 1.400018
2.814627 0.8684228
1.376719 1.220238
0.923777 0.892176
-0.5386123 -0.7678415
0.8995014 0.8059363
-0.7662362 1.022899
2.587179 1.549475
-0.3290936 0.09416052
-2.435912 1.561834
-0.6329012 2.665686
0.03649948 1.974029
-1.497297 1.475499
0.4961133 3.1425
-0.006728232 1.93949
0.02455853 -0.1665161
1.059939 1.604822
0.8635204 2.863485
-1.129985 2.587608
0.9550675 -0.01277111
0.7457015 3.072498
2.191135 1.710117
-0.849164 3.461663
0.4931857 1.650365
-0.8175223 0.1710828
-0.4357951 1.978814
-2.327201 2.136907
2.46381 1.515852
0.7553187 2.130269
0.9830737 -1.501184
0.02608195 0.2104707
0.5905254 3.015006
1.276411 2.765257
0.2587246 0.5245955
-0.9317311 0.3509885
-0.03781205 2.340703
-1.068215 0.2517849
0.3915525 0.2103449
1.197202 2.522957
0.8063549 1.702721
-0.9490682 0.7047478
-2.172368 0.4290359
-1.82257 1.908647
0.0830923 1.634165
-0.4218165 1.143043
-0.6359548 2.258485
-0.618132 1.897975
-0.4779182 0.8519937
0.4721335 1.543778
1.631832 0.7169054
-0.6263305 1.925437
0.626489 0.720519
0.6346109 1.371103
-0.6448774 0.6021874
-1.526274 0.4712407
2.120401 1.420662
0.5916746 2.805363
1.320201 2.098833
1.175244 -0.9247588
1.324085 0.2656347
-0.5572809 2.418947
-0.8701414 1.711093
1.969019 -0.1338177
1.112314 1.570547
0.9143607 1.375328
0.751007 2.672332
0.007802321 0.4760426
-1.179 2.425548
-1.594417 2.297262
0.3796172 2.318673
0.6400233 0.1830402
0.3561559 2.948069
2.371387 1.049633
2.366011 1.344298
3.095187 0.5398398
1.951869 1.509844
0.6823093 3.607122
-1.37069 2.807617
-1.203593 2.125669
2.676894 3.928437
-0.4787798 2.528787
0.7500505 0.3177642
-0.2945445 1.856616
-0.4982512 1.636417
0.3207353 2.940902
1.524103 2.428844
0.1858767 -0.4689637
1.139231 0.2702755
0.3067974 0.5231363
-0.5565986 2.701892
-2.152597 -0.06686191
-1.281939 1.861413
-0.3798049 1.9046
2.811958 1.215045
0.3735833 1.147286
0.09752625 2.346118
-0.5080685 -0.2101338
-0.2644529 3.083518
1.160013 3.772195
0.9839053 3.05936
1.016239 2.421157
2.572328 3.746561
1.25603 3.02026
1.387392 3.428208
-0.02499875 1.1804
1.933292 3.537794
1.353034 0.2149306
2.285385 2.35426
0.2874121 3.167982
-0.5642458 3.085681
-0.01327916 1.99563
0.0868717 0.5140225
-1.332294 2.885066
-0.961123 2.449499
-1.020503 2.608067
0.7955091 0.7837141
1.637044 1.462709
2.073434 1.946569
0.9478113 2.096469
0.5111792 0.8227982
0.5227606 -1.055045
0.9634087 1.723362
1.827406 2.098491
-0.7502274 1.013852
-0.730655 0.9051745
-0.4860049 -0.4603565
0.334235 0.9383656
-0.3101695 3.362089
1.525763 3.367019
1.27549 1.210854
-0.5044204 2.021067
-0.04189548 -0.07469121
-0.5617697 1.492218
-1.967181 0.5451228
-1.12022 1.82103
0.7113574 2.370478
1.651798 -0.8091592
0.05397781 1.826969
-0.1008355 1.840109
-0.0572425 -0.4821746
0.2312194 3.009793
0.2650577 0.1289118
-0.5191065 0.9298718
0.2782721 -0.4261963
0.7637767 0.2887268
0.545452 1.397766
-0.1270624 0.06138061
0.3240895 3.262547
0.5213524 0.6550908
-0.07475548 2.742927
1.453634 2.480452
-0.5482119 1.062913
0.1708948 1.839945
1.090068 3.04215
0.5311633 0.4471883
1.178437 1.301215
1.649953 0.6998315
-0.7809914 -1.54804
-0.3324966 1.354972
-1.143966 1.505667
1.684675 3.681624
-0.7854237 2.435581
-1.145217 0.8421594
0.9332973 2.922832
-0.5041316 3.022104
-1.183287 4.716677
0.07594414 1.398819
-1.173233 3.452347
-1.008315 4.903114
0.06281021 2.718215
0.9657782 3.743087
2.056767 1.206775
0.6553735 2.653712
0.2204375 2.65128
-0.7065951 0.8085948
0.9955383 0.2603735
-1.598799 0.3370655
-0.1943847 2.639087
-1.378875 2.168161
-1.826804 1.328451
-1.041704 2.490996
-1.574549 1.860879
0.9030603 0.3910096
2.110246 2.511972
0.7364248 1.479753
-0.3850979 -0.7832367
-1.524133 1.111919
-1.380572 -1.239163
0.4906255 3.156194
1.162485 2.387513
1.198094 3.062075
1.988394 2.636898
2.68426 1.495813
-0.1099291 3.744341
0.6654143 1.138557
0.9523338 2.22584
-0.6879946 0.2085468
-0.6998829 1.69401
0.5205399 1.195295
-0.1075007 1.089197
-0.375414 0.1917464
-1.433299 1.638514
1.004265 3.36684
0.1106046 1.257943
1.088941 1.527666
-0.2827101 2.197193
0.009163439 1.454739
0.2606417 1.726809
-1.114132 2.4168
1.531863 0.3711656
1.076359 0.6579948
2.69009 1.974507
-0.06510612 2.272408
-1.76833 1.006798
1.017189 0.2324821
-1.200342 -0.7672311
-0.2946799 1.181793
0.2512305 1.534297
-0.05892139 1.768951
0.002584081 4.095593
0.1287553 2.077987
-0.5102222 0.5949685
1.405067 2.11485
0.5663456 1.85282
1.21985 3.849422
0.2199239 1.631318
-1.507313 2.450098
2.373839 1.524104
-0.2380599 2.510602
0.6110031 3.43537
0.07122378 1.025652
1.297604 2.973788
1.655029 3.306247
0.6685422 2.577435
2.568989 1.218036
1.72679 0.6801325
1.37809 0.862778
0.6437324 1.914524
-0.9685326 3.675558
2.374376 0.4605386
3.039727 0.3876961
0.8193173 1.241131
1.480817 1.237865
-0.1945201 0.9127927
-0.5226669 0.5503291
-1.555147 0.9492622
-0.7870031 1.455861
0.07163224 1.506309
0.3107658 1.761033
0.1425531 3.381702
-0.9485785 -0.1178963
-0.631505 1.473609
-0.9974879 1.358057
-0.5894239 0.9373115
1.189538 -0.957564
-0.641273 0.6486284
0.6834372 1.22572
-0.2449636 0.8901591
-0.08115734 2.294907
0.979646 0.1108805
-0.7849079 -0.05211328
-0.7117255 -0.5726224
-0.6493877 0.7440846
0.5217641 2.284181
3.08028 1.677146
-0.6670744 1.664665
-1.50876 0.9838795
-1.231201 3.145309
-0.7139491 -1.168813
1.358713 1.855115
0.2022027 1.773104
0.8434302 -0.1484699
-0.6226821 1.536709
0.1815164 1.678947
2.337871 4.786607
0.7056748 2.115397
0.7781672 3.061935
0.342972 1.55924
1.875996 1.082423
1.406474 1.779765
-1.839329 -0.2908727
-0.2516517 1.729796
-1.376988 0.3516614
-0.379049 -0.9700907
0.1508852 0.5654768
-0.9589387 1.332547
-1.182053 0.9520024
0.1962437 1.042665
1.699188 0.1030311
-0.6464834 3.986974
-0.4970199 0.8815233
1.027038 1.120989
0.7403235 1.947273
-0.6061935 1.419878
1.466189 2.350357
-0.9365748 3.418972
0.2312851 2.158539
-0.2144321 0.7875049
-0.08480937 0.902325
1.489992 1.895808
-0.208435 0.6494677
-0.8638169 0.8443145
0.6197747 0.1737619
0.5506874 1.610826
-0.9968109 2.401807
-0.4643612 -0.388997
-0.5640015 0.6222875
1.213699 2.917156
1.417506 0.6597015
1.483335 -0.3211836
-2.586857 0.4875392
-0.8132462 1.688071
-0.1062101 1.69164
0.1169937 0.0601964
0.196894 -0.3344005
-1.431509 1.996849
2.024866 -0.8826267
0.8517949 1.517353
0.3324149 0.5179116
4.059701 1.41059
0.9346105 1.30617
0.2083278 2.096207
-0.6715344 2.162745
2.527549 1.501056
2.599436 0.3587328
0.04517757 1.543166
1.571656 1.305178
1.34653 1.21202
-0.132305 2.242803
0.4422229 0.8612604
-0.3805203 -0.393809
0.3996175 -0.6931038
2.488993 -0.8975511
2.785696 0.3678029
0.8495516 2.106917
2.030979 2.283558
0.1416011 -0.5971278
-1.41233 0.1762171
1.928067 3.154304
-1.013674 1.866002
1.524931 1.711898
-0.6559149 -0.3896051
2.075277 2.653271
1.19234 2.308777
1.820269 1.015808
1.667595 0.2422531
2.413596 0.2037079
0.6307132 1.071844
0.8885418 0.9709045
1.356955 0.5441422
0.05831547 -0.5680074
-0.1485994 1.53917
-1.037008 1.322657
1.329106 1.73343
2.52729 2.601259
-1.024682 -0.1525319
1.062959 0.07143692
-0.7407237 -0.4231809
-1.755626 0.490524
-0.9686076 1.304502
0.4706908 -0.8016117
-1.724941 0.7309041
1.255521 -0.6631118
1.369974 1.090415
-0.4651036 1.321938
0.2712145 1.240442
1.124706 2.533521
-0.05499098 1.797768
0.1138504 1.03138
1.969342 1.577136
0.139633 4.309307
-0.946929 3.019278
-1.365389 2.073014
0.8810303 1.887986
0.802112 1.258227
0.6185264 0.9264705
0.0881672 2.580432
1.54685 1.648504
1.173941 -0.79378
0.4849227 3.511441
-2.425727 1.566137
-1.67319 0.1808515
-0.2069585 1.311202
-0.5750734 1.883182
-0.8507567 0.3947213
-0.5711497 0.5926312
-0.3301212 0.1565695
1.868628 1.426748
0.1706894 2.535597
0.9040662 0.9106955
-0.2645827 1.942987
-1.135204 4.16482
-1.422635 2.941752
-0.882534 1.715268
-0.7032037 2.516248
0.4889247 2.043926
-0.5274633 1.426714
-0.5957047 0.16123
1.088204 0.6799429
-2.185063 1.840538
0.09723876 0.6016923
0.1407261 1.451398
1.961723 -0.1842759
-0.1121888 -0.02238567
-0.4490736 1.192012
-0.2925544 1.43224
-1.094078 1.664351
-1.127437 1.583446
-3.442812 2.237912
-1.13075 4.486169
-1.212053 4.335128
1.111319 1.838315
0.1334723 -0.5273598
-0.2190674 -0.3652237
1.28281 2.744019
0.6496856 1.535053
0.1852413 1.92658
0.5444537 1.352405
-0.2796204 1.914273
-0.3495964 5.022228
-2.276223 2.639081
-0.7206555 2.472771
-1.355865 4.532973
-1.706065 3.081191
-1.616693 0.6741442
-0.1372563 1.507295
1.959459 -0.273707
1.009142 2.476767
0.6548818 1.941388
-0.7205811 1.784408
1.779658 -0.7499817
0.3426277 1.448165
1.368948 0.5534969
0.259701 0.8311331
0.1295176 2.162333
-0.913172 0.9073403
1.17076 -0.3718226
1.613208 0.9503389
-1.321285 0.8317242
-0.1920706 4.03512
0.5616681 0.8823124
-0.8835147 0.3562668
-0.8620521 1.592854
-1.294256 0.1759079
3.424761 0.6823714
1.482431 1.22431
-0.3392033 1.141426
-2.009458 1.417666
-1.013655 1.034442
1.335827 3.022417
0.5625132 1.200693
0.2574087 0.1330586
-0.4926855 2.607254
-0.2614957 3.191319
-0.9018987 1.854751
0.8834386 -0.4678354
-0.9861531 -0.2418208
1.06802 0.8043774
0.3652963 2.40935
1.294097 3.761876
-0.750276 0.5992998
0.7824234 2.324758
-1.680235 1.12486
1.318889 1.82418
0.06362426 1.975369
1.763995 0.1721336
0.8296609 0.9064279
1.935569 0.6849236
-0.04022445 2.8087
-0.6093322 2.668161
-0.5830958 -0.08108284
0.7661767 -1.477584
3.078132 2.902243
1.62678 0.9923533
2.014328 0.7034726
0.4862955 1.223103
2.929567 -0.1849365
-0.3606986 3.060302
-1.464592 3.271284
1.123106 0.8654949
2.281677 -0.740383
-0.3984986 0.5756366
1.410175 1.393864
2.885816 0.9123416
1.801126 1.376346
0.6303526 -0.834856
1.567825 1.94709
0.4287108 3.086995
-1.435506 0.8770009
-2.210258 2.931233
-1.477749 2.9434
-0.3377617 1.626038
0.2767869 -0.2119212
0.3918976 1.151547
0.145863 3.252031
0.3609471 1.272249
-0.3967119 1.181384
0.4366538 0.3879194
2.02366 0.4044491
1.793613 0.1141887
1.101827 0.8808081
2.919081 -0.668898
0.5026209 2.948369
0.1293914 2.668441
-0.5963452 0.7783881
1.133395 1.570025
0.07577971 1.409314
-0.9100196 0.7738043
2.079468 0.5916371
-0.6166024 -1.939609
-1.08316 -0.4398154
-1.483055 -0.3454504
-1.971123 -0.110774
0.5212796 1.460041
-0.9067536 0.02456717
0.9460129 0.8162196
0.2578726 -0.8105998
-1.165284 2.734308
-0.5818079 1.975603
-1.077514 2.042028
0.6297739 1.529864
-1.057613 1.924245
0.2681422 -0.3095709
2.89258 0.5332593
2.306059 1.077414
2.386387 1.891155
0.8524811 0.6018749
-1.747572 4.170594
-1.731594 1.182309
-0.6971492 -0.5904311
2.17176 1.23145
1.125624 0.100489
0.8805038 2.998172
1.717154 2.385116
0.6854436 1.170875
0.3816368 1.267975
0.4736771 2.608194
0.8791811 -0.8080464
2.140015 2.587214
0.2160181 3.778157
0.8507796 0.6584779
0.9744646 0.3664093
-0.7329717 -0.3248076
1.672987 -1.7837
-0.7898764 0.9319012
2.130307 2.03852
1.945538 2.781934
3.010045 1.812154
0.4510299 4.337648
0.4470449 3.358865
-1.585185 -0.6458123
-1.228468 -0.3701332
1.754431 1.296271
1.25699 1.549382
0.1781317 -0.4449957
2.277386 2.761427
1.705418 2.306988
-1.676092 -0.6133347
0.2439194 0.8483222
0.8281949 2.68469
2.027811 0.8893987
2.870021 2.01272
1.720003 2.033658
0.1075424 3.207034
1.453613 1.856703
-0.2743891 0.3842183
2.976902 -0.7052808
1.621321 2.941665
-0.5425244 0.02672827
-1.053182 0.6203421
-1.160875 0.7455794
1.838482 -0.7414389
0.6623473 0.7923488
-0.4263372 2.100683
-0.07184841 2.036882
-1.687514 0.9319404
1.115027 2.33145
0.3825651 2.347289
-1.346933 -0.2826061
1.528193 1.525518
0.7501135 1.950597
0.7573923 0.3968723
0.8783056 1.387274
0.5251209 1.983654
-0.9141865 0.03803595
-0.02979676 1.687109
-0.7587452 1.911516
0.768087 0.952727
0.2795387 2.269334
1.412102 0.678894
-0.9788201 0.6559506
-0.9900818 3.905422
1.055 2.466017
0.8274042 3.946378
-0.5820561 -0.3072584
0.02831131 0.1494008
0.7385773 2.498218
-0.6006237 1.24907
0.1727602 -1.008305
-0.3528289 2.436371
-0.6845984 -0.01327495
2.807085 -0.558601
-1.139747 0.8512101
1.877473 1.993394
1.244481 3.940111
1.356822 1.962187
1.777254 1.320511
0.4080495 2.158369
1.892401 2.847456
1.919422 2.774471
2.778255 0.7196356
0.6885395 2.655271
-0.8770638 -1.079047
-0.6938507 -0.1573023
1.014288 2.174701
-0.6618176 1.550753
1.125564 0.1104733
0.9275976 3.369505
2.00264 1.990691
0.2914494 2.357387
0.2238151 0.661606
0.9497468 0.4966927
0.004642596 3.08817
0.6957848 1.04174
0.8462525 0.858239
-1.047288 -0.06676706
0.7109585 0.3919252
1.029481 -0.5292165
0.9582164 0.6013667
1.787744 0.9577279
2.661044 1.838094
-0.452753 0.3209196
0.9206816 1.900134
1.122028 -0.400899
-2.203976 1.211568
1.04913 -0.367264
0.8979142 -0.9427366
0.3305007 0.4242818
-2.136391 1.514004
0.3296403 1.955401
0.4157938 2.905802
-0.5655278 4.572045
-0.4512093 1.030276
0.1595841 2.650695
0.603927 2.82845
1.659974 0.9510006
0.5653801 1.847129
1.053618 0.5339341
-0.1474227 1.158206
1.655474 3.370852
0.4422048 2.00309
0.3123722 0.5991617
-1.147268 3.841439
0.8111387 2.611284
1.650957 1.353381
-1.525625 1.191279
-2.170027 0.1495497
0.5283581 1.350802
0.4632412 3.36522
-0.9991451 1.783565
-0.07186668 0.008800993
-0.02844924 0.9228402
-0.7168534 0.5314118
0.6608681 0.9481364
-0.1451566 1.472035
0.3892539 1.319766
0.3656292 2.057632
0.9414862 2.699
-2.878207 1.819957
-2.464268 1.803039
-0.8524203 2.349555
1.937327 1.946589
1.742536 -0.02573131
0.6330764 0.9475627
0.1117394 2.32416
0.47892 1.768912
0.9702302 -1.60119
0.003624019 1.786909
3.041067 1.785451
-0.8177473 1.876089
0.8775092 1.815573
1.123875 1.639281
0.9709601 -0.09452093
-1.271958 1.327137
-1.207922 -0.7233772
-1.499128 1.359186
0.6499362 -0.1387037
0.3439206 1.949779
0.8225011 1.682974
2.202991 0.6453855
-0.3123161 2.160273
0.2718465 0.9486598
1.235937 2.885343
1.14049 0.4036615
0.9535894 -2.377094
0.3326721 -0.8790177
1.648583 -0.01908302
-0.7131104 0.5029047
1.146945 1.031358
0.9862354 1.617966
2.359426 1.207948
2.238803 0.2770102
0.1576447 3.155472
-0.489722 2.370047
0.3131675 0.6358739
-1.01534 1.483748
-0.1548374 0.235701
-0.3554992 -0.1271045
-1.28834 2.18392
0.1632347 1.433653
-2.12404 2.960735
1.477158 1.220066
0.09415501 0.7507062
0.1928554 -0.9923121
1.644278 2.982928
-0.5356236 2.485311
-0.5012965 1.296039
0.5443587 1.156012
0.05545275 -1.000501
2.14594 2.38608
-1.109708 3.062386
1.111107 -0.2557803
-0.09920234 0.9334566
0.3187334 2.065186
0.401017 0.3635027
3.266765 0.9839938
-0.3883968 3.771025
0.380574 0.71359
2.271824 1.407309
0.7713357 1.320537
-1.282191 -1.388327
-0.2873227 -1.383445
0.2033003 1.328686
-0.242973 0.5970775
0.4554963 0.3840741
0.7482748 -0.240181
0.8336604 0.8313983
-0.2688648 -0.1154644
-1.174152 1.752882
-0.5704029 0.7406822
2.403138 2.765093
2.883829 1.477693
0.8834325 0.8549269
-0.5826832 3.854969
-0.07518167 2.516663
0.07844629 -1.111992
1.655758 0.536091
0.2172884 1.401677
1.148083 -0.1917264
1.436294 0.9178061
0.02733164 2.638832
-0.3080893 1.43868
-0.723251 -0.7809748
1.945494 1.187512
2.05299 1.85616
0.6858494 4.060006
-0.5767378 3.291908
0.8602506 1.783318
1.420898 0.8657126
-1.00332 1.969558
1.597909 2.567953
-0.8563318 1.099808
0.02775784 1.230719
1.290917 0.4715774
1.045081 1.015822
0.9405588 2.297982
-1.448244 0.9765444
-0.597051 3.027675
0.4822443 2.362302
-0.2096748 0.4452596
0.8272282 1.377711
-1.187996 0.5903107
1.412055 2.267101
3.109529 0.3830473
0.3355225 0.6313828
0.5867847 1.86232
1.58779 0.1115682
-1.002216 2.218189
1.500485 1.725385
2.120132 -0.8713726
0.9804832 1.268893
0.2604981 2.830831
1.580474 1.416521
1.302199 1.536525
1.570427 0.3382687
2.038147 0.3764175
-0.999738 -1.585451
0.162747 0.637344
-0.5001059 2.158707
-1.642189 1.242946
-0.4426663 2.355526
-0.2302534 1.04062
-0.008486023 -0.008695564
0.7076407 1.806254
0.3570509 2.940425
0.2997346 2.595161
0.3587092 1.646083
0.1944995 -0.3643139
-0.6970872 0.7613552
-0.4633604 1.587593
0.8965982 0.2501613
2.408647 1.339658
-0.8212441 1.584698
-0.6228315 0.7707131
-0.4795432 -0.04668657
2.238108 0.6886653
-0.5302096 1.534656
0.009237394 1.227671
1.652063 2.53891
-0.5340856 -1.352295
1.126279 -0.3549882
-1.415956 1.264968
0.5968999 2.580423
0.4452724 3.613353
2.673971 2.759416
-0.3672394 1.648634
3.612973 0.02252849
-1.643993 2.671602
0.004681364 0.3843074
3.088715 1.2411
4.014828 0.8899745
0.3293848 1.536822
2.301065 -1.488359
-0.2225673 0.5127834
-1.779284 0.880532
-2.322133 2.275654
-0.9556622 -0.2196322
-0.2366159 -0.1601803
-0.288874 0.9905297
1.442648 0.2807258
-0.07325923 -0.8918585
0.1808031 0.7395422
0.2071398 1.127931
1.085303 2.001575
0.07842296 0.6191506
0.05581059 1.141708
0.5990563 0.933075
0.7608452 1.991465
0.2837254 0.9040272
1.692865 3.19634
0.9410415 2.27909
0.9011453 -0.3614205
2.128747 2.498772
2.516686 -2.17919
1.19038 0.804169
3.613613 -0.4070707
0.3426191 2.204361
-0.6983987 3.297151
0.4037236 0.7935308
1.439268 -0.6083471
2.267798 2.802534
-0.3390851 2.593952
0.3125702 0.7382166
-0.5438996 0.2918474
1.287297 2.776421
1.718977 2.017737
0.03096487 2.238115
-1.149459 1.301204
-2.434559 1.415593
0.08602233 3.446958
-0.5454674 1.299517
0.8454768 0.9413697
0.4411078 0.8695641
0.01293938 2.290499
1.301271 3.59101
1.345075 2.285681
1.110229 2.822694
1.339404 2.628969
0.1089208 3.198061
1.059691 3.737718
-1.022354 1.983112
-0.264113 0.0811394
0.9513146 1.151235
-0.5678992 -0.07448889
3.459614 1.725229
0.5432748 1.677651
-1.366416 -0.5873597
0.6063336 2.199266
0.3936347 1.622287
0.332266 0.05312311
0.7116168 3.72075
-1.885966 2.550199
0.1455678 1.647559
0.7350717 1.426746
1.320139 2.538262
-0.5389474 1.240309
1.332694 -0.7260974
0.3072189 1.340593
-3.120346 3.155135
0.6488717 0.5423381
1.251286 0.6892056
1.71654 1.409522
2.580963 2.528068
0.7934974 -0.3161091
1.221892 3.352136
0.3684129 1.883787
-1.598472 0.8379095
1.92971 1.905074
-0.7447617 2.735074
0.6192523 1.806017
2.833049 1.075502
-0.8042224 2.22286
0.2516347 -0.2408409
-0.4712033 -0.5300261
0.6367722 2.310486
-2.270496 2.427249
-1.476309 2.44169
0.5561392 0.4788331
-0.2296304 2.006251
0.9765976 0.6454923
-0.469079 -1.069112
-1.490869 0.1235109
-0.8972582 0.2398982
-0.5936148 1.214344
0.6179096 0.8639001
3.712635 3.711481
1.168657 1.974492
0.5689813 3.159264
0.6102961 1.658334
1.742917 3.241533
1.387576 3.02514
0.7658574 1.008954
-0.4999256 1.383676
0.4078646 -0.8584595
-1.962632 -1.544752
0.6136488 1.323416
-1.885677 1.632832
-0.2677117 0.5533648
-2.622666 5.479865
1.159237 2.411354
-0.8197581 3.398912
-0.1763127 -0.3827097
-0.1714611 1.629716
-0.2454439 0.5538698
-0.682303 0.4840067
1.21528 0.3483564
0.1493302 0.5793911
-1.903303 3.918803
-1.633274 2.462961
0.8195537 2.580596
-0.1658807 0.6388847
-0.5819297 2.193119
-0.09319315 -1.384597
0.3960594 2.272383
0.505104 0.7053051
3.228709 0.05846218
2.384646 2.780645
-0.9811526 3.047188
-1.206619 0.5837921
0.4713746 -0.20307
0.7586935 0.1560953
1.101726 1.430198
0.3360641 2.300392
0.6379167 2.214666
2.171619 2.412908
-0.4700945 1.331741
0.3595273 1.047991
2.087054 2.498567
-0.4233908 0.3444772
1.617256 3.26984
-1.975621 0.425091
0.7073919 2.691633
0.2723496 2.108536
1.489067 3.034045
-0.006637165 4.118767
0.627221 1.891075
3.134683 3.252935
0.3791737 1.120696
1.086531 3.079806
1.747383 2.785395
-1.789197 2.139567
-0.7982534 3.047719
0.01207078 3.906933
-0.8420759 0.6094324
0.5987731 -0.5654279
0.5333777 1.488547
-1.840618 0.1255925
-1.486299 3.089854
-0.3773717 1.228958
0.7336686 1.516731
1.536205 2.014045
1.677878 1.226248
3.634984 0.2219994
-1.052184 3.686831
-0.5478552 2.38602
-1.57411 4.066054
0.1093912 1.796039
0.7408419 0.4779509
-0.5423438 1.911761
0.5868839 0.6632464
1.42804 0.8520555
3.116869 1.823767
0.1102805 2.507683
0.2986787 3.265015
-1.161326 -0.1193252
0.278651 -0.996296
2.147316 0.4575953
1.816255 0.7394673
1.949186 1.49182
2.701756 1.42819
-0.7467442 0.1673155
-0.02215273 0.6817505
-0.8868829 2.194354
0.4779203 1.646755
-0.5463293 0.7794576
1.092213 2.732649
-0.1299228 1.045569
1.529964 2.354376
-2.299423 0.5217618
-0.9345182 0.7188404
-2.012279 0.1099654
1.244544 -0.6170315
-0.5741775 2.277103
-1.58983 0.04733805
0.4666164 -0.02481306
0.9315256 1.151087
-0.05039069 2.852777
-0.8563474 -0.1702216
0.9986412 4.277853
-0.9825416 0.1201314
0.02363891 0.1506497
0.373788 0.9488126
-0.4720053 1.690588
-2.038183 4.352292
-0.7054185 3.173974
-0.877264 2.418246
-0.2582186 2.927442
1.058948 1.596128
1.951087 1.414121
1.532548 1.148092
-0.208572 2.110654
-1.184764 -0.4139069
-1.372784 -0.3558912
-1.158347 -0.8100376
1.678107 0.6648395
0.7197425 0.2448102
-0.3432914 0.6529871
0.3847282 -0.8354497
0.2673919 1.455558
0.8157456 -0.6039502
-1.235145 3.11552
-1.933709 0.6568855
-0.05325358 2.352087
1.708705 2.365224
1.276315 0.7232342
0.02794184 -0.01873647
-1.117419 3.774517
0.4413971 2.793784
-0.3593609 0.1025234
0.9926718 3.951448
0.1762081 1.602124
-1.044727 1.270787
-0.1867586 0.2736456
1.007674 0.7210279
0.2912473 1.190302
-0.4782038 1.448407
-0.2910973 1.551392
2.681447 0.9970763
2.238117 0.05356591
1.033569 2.550612
0.5881905 0.7682365
1.569134 3.208865
0.5578698 0.1246935
1.502821 1.374238
2.953222 2.374229
-1.08277 2.546979
-0.5567235 4.130565
0.6028015 3.313724
-0.880929 1.657391
0.06207226 2.503286
0.3556753 0.5707572
0.005545611 1.035585
1.205461 0.9038229
2.092068 1.323571
2.699193 4.085022
1.171764 0.6847366
0.4872528 2.709239
-1.321135 2.750137
0.04346179 -0.05935673
3.856842 1.65377
1.048262 1.29959
0.4247431 0.7519518
0.01646585 0.3701956
0.1253022 -2.082924
0.70421 -0.4817517
0.8888116 1.305754
-0.305929 0.9748943
0.5527528 2.421417
-0.2350917 2.259563
0.8760489 -0.1166868
-1.042223 1.197478
0.1737138 0.4344594
0.05323894 3.573382
2.70043 2.600107
-0.262923 1.8501
-0.7556536 1.331417
0.3175931 1.256257
-0.4394064 0.8434958
-0.4350152 -0.09984179
-0.08126831 2.614318
2.091023 2.203011
1.785365 2.382914
0.9227402 1.971899
-2.384982 3.200357
-2.237765 1.873029
1.344035 2.709638
-1.104237 1.747788
0.3840714 0.9889328
0.5464195 0.6387441
-0.1135544 2.621777
0.2780387 2.603153
-3.067168 1.007009
0.6881081 0.02532018
0.2824635 2.040776
2.512841 1.253533
-1.911878 1.442115
0.4445033 1.223031
-0.8528307 2.106599
-0.8441012 3.581068
-0.9234455 1.074719
0.7645337 1.994972
0.9342961 1.252373
1.467229 2.700835
1.148802 0.2939895
-0.7649901 0.8426588
0.5619775 1.943466
1.423557 3.809202
0.9372542 1.90153
-0.06772696 0.8484342
-0.4019337 1.089471
-1.049922 0.8328823
0.5488042 3.188811
-2.289883 2.417941
1.29722 2.26885
2.780973 1.65577
-0.0979957 2.645392
0.5062763 1.582769
0.6600867 1.363156
0.1065168 -0.2843381
0.5820053 1.285514
0.5830856 1.088841
0.5399885 2.238701
0.6098511 2.777371
1.427158 2.304715
0.05588141 3.17762
1.876413 2.145216
-0.2036352 -0.1664416
-0.1665501 -0.5096126
1.61161 1.942208
1.342754 1.801733
-0.3075719 2.641968
0.8326849 -0.2587683
0.6959479 0.4517714
2.561973 1.249232
-0.2014359 0.6616947
-0.8375248 0.345196
0.2478525 -1.595839
1.098788 3.377869
1.196681 0.4221629
-0.7410905 1.298165
-1.308624 2.980799
-0.4494601 4.588465
-0.8657388 2.893957
1.4114 1.395478
-0.1360372 -0.0346766
0.1074967 -0.4455017
0.5681314 2.452925
3.004669 1.236479
-0.9872683 2.328394
1.974638 2.923714
1.653867 0.7199587
1.539284 -0.2853402
-0.5387501 1.702859
0.7432735 1.079393
-0.4182629 -0.2745597
-1.007226 1.256321
-0.5936733 2.242068
0.4862825 3.393723
1.294184 1.037619
-0.6215984 0.7731779
0.04898137 0.8224292
0.01786364 2.275309
-1.813505 2.038222
-0.8883138 1.599463
0.8735485 0.6158027
-0.2753102 1.145906
-1.773124 0.8977205
-1.352706 0.7444685
0.9859961 3.062476
2.152253 2.951234
2.106722 1.537416
2.714134 2.820193
0.9002779 -0.1947918
0.9882468 1.302481
1.809824 -0.1920324
0.08276598 0.44933
-1.106959 2.061259
-2.94691 1.523093
-0.9511145 -0.3842515
-0.02327965 0.6166626
-0.03222154 1.930683
2.811795 1.931219
1.939262 2.250053
0.8045571 3.222079
-1.554491 1.691894
-0.7713045 1.824418
-0.1423498 -0.137472
-0.9841673 2.560424
-0.6300428 4.299771
2.032085 0.611641
0.2432566 1.517134
1.521316 2.511535
-1.261763 1.840132
-0.6181376 1.940038
-1.636777 1.804825
-1.756617 1.833201
-2.527958 -0.3213544
-1.539428 2.965371
-2.81622 0.5813803
1.731651 1.63128
2.840634 2.254443
1.51397 0.5842457
2.401628 2.747128
0.3895744 3.016556
0.5308788 2.531733
-0.05093848 3.894071
-1.539428 2.247228
1.009812 2.963148
1.941142 2.40372
-0.05904635 2.267691
2.285581 1.297514
0.5727909 0.593661
0.8281427 1.35862
-0.7228437 2.796942
2.093702 3.220535
0.1370842 2.774909
1.725419 2.890181
-0.1971325 2.53153
-2.14873 2.683145
0.6562737 1.860203
-0.4016334 -0.8250916
1.259048 0.2778506
2.569531 1.851599
0.3935524 1.768015
0.7832929 2.099751
-2.270046 1.355725
-1.227344 1.539249
-0.1362054 1.009882
0.141263 2.357593
0.2878306 1.539189
2.212812 0.2928004
1.101363 -0.4010817
0.6653194 0.1874905
0.7566656 2.165212
-0.6036031 3.168541
-0.5809971 1.381329
1.309463 2.715192
-0.2226198 2.465102
0.5855969 0.6979157
0.1769702 3.028635
0.007979755 0.5033507
1.284032 3.625481
-1.766563 1.209891
-0.9588706 0.3445214
2.128598 2.670499
1.137223 1.467814
0.6523226 0.7312939
-2.370687 2.526341
0.6785619 1.946601
0.7442353 0.4646031
1.681628 0.3571833
0.7094527 3.932045
-1.583927 2.922576
0.6242907 0.2507258
1.22478 1.29687
0.4226038 1.020687
0.5673862 1.860329
1.915788 1.811856
-0.9094974 1.914046
2.025472 1.403467
0.9309535 1.324771
0.1464906 2.573471
-0.9293052 3.617015
1.236154 1.009898
0.7007433 2.722664
1.141997 3.023847
0.6049396 -0.4212806
2.060563 0.2904417
0.5334638 2.903758
-0.9206552 2.704202
0.8333116 1.173765
1.600486 1.937561
-0.9592636 2.442929
-0.9391675 1.569602
-1.548845 4.499719
-1.190199 1.100714
-0.7042515 2.313591
0.8249189 0.9838395
0.1711439 -0.1291549
0.8896588 1.796894
-0.3780474 1.556099
1.017611 1.24839
-2.261909 3.228933
-0.0008491558 -0.3429055
1.850226 0.2296131
-0.2988746 0.7995679
0.6550944 2.469049
1.249433 0.9691012
-0.391489 1.538801
-1.516165 1.599925
-0.3912324 3.070272
-1.617139 1.725371
1.121053 -0.0869776
-2.106832 -0.7588271
0.9268655 0.4286907
0.005566986 0.7461124
0.5712331 2.162057
1.670398 4.414824
0.1833483 1.716365
1.828999 1.250742
0.9556919 -0.8306315
0.7026991 0.6968353
2.137974 1.874775
-0.4050024 1.921088
0.6850321 0.3681522
0.1134057 3.325514
1.035882 1.359303
-0.6273129 0.8642532
0.4055187 0.9312337
1.466571 2.292976
1.532912 2.237299
1.130854 1.171799
0.3508058 1.446924
3.110183 2.105905
0.03611472 3.148539
-1.188365 -0.1274585
1.254013 1.153993
1.334924 2.54262
0.4194731 2.350901
-1.23661 5.264173
1.427614 2.590867
0.3049959 3.648311
1.313017 3.585187
-0.01850443 1.947063
0.4445922 4.27017
-1.620608 1.656696
-0.1408266 3.693664
0.1167349 2.923971
-0.2331005 -0.0837088
-0.8612983 0.5004477
-0.3555704 1.123393
0.10689 0.4320298
0.2005928 1.554767
-2.606022 -0.5216086
-0.5923957 1.456446
-0.1370901 0.3066992
0.7552984 0.2438652
1.675383 1.136591
0.5552169 2.35278
0.62637 0.7699112
0.07350361 2.767653
1.629701 2.56715
0.6700333 1.105648
-1.499388 2.686158
0.587824 -1.511588
2.451232 1.772293
1.516054 0.4705833
1.136832 -0.1529838
-0.1672101 3.595446
0.5406267 3.45104
0.207717 0.5243198
-0.3435757 1.515251
-1.412045 -0.7633583
0.3951093 0.8420345
0.2697677 1.126071
-0.07932156 2.032621
1.630371 1.217473
-0.9646264 2.458295
-1.32951 0.7725086
-0.06547882 1.256853
-0.7917466 0.8459086
0.01973038 0.9568722
0.05842128 -0.1523937
0.6695549 -0.8651368
0.9659824 -0.08473557
0.7181819 0.2362907
-0.7912802 -0.5805511
1.413062 1.724161
-1.706494 0.9501988
-0.8171897 0.3924731
-1.875382 1.059032
-3.481408 1.937643
-1.5264 0.05104947
-0.5464766 -0.209189
-0.9654687 0.2230006
-0.848106 -1.141806
0.6256405 0.4133429
1.223572 0.3811506
-0.4519913 2.508359
-0.5496196 0.3019438
1.069909 0.8574105
1.871374 1.287832
0.7044492 0.9957562
3.008175 0.7743144
1.112346 2.568233
-0.1742791 0.2649634
1.85503 -0.3689487
1.136015 1.323468
1.565524 2.313922
2.518585 1.255126
1.477705 3.042889
-1.094264 2.943589
0.7295906 1.864002
0.1314777 0.3870421
1.115074 -1.431129
2.221913 0.160387
-0.3898103 1.644649
1.583472 1.141806
2.70693 1.501697
0.4832065 1.871113
0.8251072 1.904212
2.529955 2.69735
0.6655178 0.7206601
-1.033276 -1.243283
1.085176 -2.108361
1.275373 -1.302102
1.592967 2.967445
-1.366452 1.712441
-1.798599 -0.3876961
-1.290343 -0.7582892
0.984162 1.515819
-0.3046793 -1.114283
-0.6313771 0.8558577
1.274423 -0.963386
0.9623303 0.7721684
-0.2988453 1.470347
2.627089 2.081532
0.5525406 -0.07887144
1.056731 2.354879
-0.1234571 -0.5591313
1.573392 3.055004
3.153393 2.713106
1.145367 2.103284
1.062609 0.8016816
0.6047505 1.014294
0.7077105 2.675833
0.1642637 1.546145
-2.494504 0.8600865
0.04022668 1.142828
0.9857209 2.638075
0.4771933 0.02041184
1.778531 1.490098
-0.8135905 0.07048153
-0.2090705 0.9437899
-0.9166571 2.618379
0.8351707 4.560932
-0.2495389 -0.4835775
0.2637913 -1.546808
-0.8915268 0.6208987
-0.1205184 0.8304892
1.484658 3.084525
0.03818336 0.7815169
0.04414993 -0.06319242
0.6397546 0.4152421
2.072227 0.3269457
-1.218834 2.187481
1.305538 1.127536
-1.132131 1.060148
0.1862346 1.944605
-1.760318 2.516212
1.087142 1.72705
-1.1465 0.1307386
-0.4627821 0.1985818
-0.6543805 0.4123529
0.1625843 0.2403032
-0.5282034 0.9247255
1.511292 1.781737
2.069055 2.712369
-0.6495292 1.503778
0.6429411 1.985583
0.9554119 2.261474
1.156557 2.065842
0.3703103 1.112442
1.308993 2.15684
0.3200592 1.899547
0.09567684 2.12328
1.175674 0.003130673
0.05526219 -0.7719729
-0.5497294 1.244394
0.2504906 0.9286826
-0.4743987 1.682967
-1.838951 1.707609
0.3197706 1.579391
-1.443348 1.151232
0.7807714 1.257106
2.300459 -1.524545
1.2694 0.4601467
-1.526638 0.1177397
0.9096404 1.614949
-1.984995 1.410429
1.081758 3.229711
2.414098 5.04996
-0.3512528 1.053378
-0.6538232 0.4796341
-1.088162 0.9705656
-0.5044682 0.01772029
1.293304 -0.5002282
3.28812 -0.1499466
-0.1029034 1.33711
3.171743 0.5895547
0.418552 -0.8579365
0.5929972 3.111938
1.913752 0.4050004
0.4610277 3.415338
0.8634529 5.232227
0.2287127 3.479874
-0.9557866 0.8235019
0.7457186 1.269348
-2.590263 1.0453
1.628259 2.651196
-0.4390689 0.8221835
1.553928 2.020298
-1.490013 2.654956
-0.8205812 4.73436
1.126887 2.819973
1.659465 1.671981
0.7914417 1.475409
-1.160886 2.35967
-0.2145497 0.7042549
-0.3745844 2.583881
-1.994806 0.9604702
-1.105805 7.497781e-05
-0.3712885 -1.105955
-1.317025 0.9713189
0.1524887 0.4828181
1.036741 1.197144
-0.2992517 0.4287865
0.1522887 0.2317591
2.626546 0.991606
0.2231381 0.3000061
0.9324865 1.575934
-2.446777 1.256472
2.382027 0.5152341
0.6662121 1.311348
0.1928089 0.9630003
-0.08884628 2.180428
-0.8780652 0.4840653
-1.259701 2.792478
-1.5636 2.666034
-0.38132 1.79538
1.695565 2.144986
2.444124 1.553278
0.2895306 2.306861
0.5699718 2.464699
0.3273904 1.631772
-1.453979 1.912952
0.02229665 2.078575
0.6543834 0.1141675
0.5928189 0.3219571
-1.721015 -0.5905079
-1.360267 0.6438012
0.996583 1.832191
1.515606 1.258335
1.798633 1.3035
-0.02340713 0.6466027
-0.8253607 2.528002
0.8606292 2.717777
0.692147 0.7244129
-0.6172978 2.06445
0.6490809 1.490761
0.7442964 2.40663
-0.07501386 0.05962224
2.475358 -0.9002653
1.134038 0.3682884
-1.746838 2.378759
-0.8288226 0.2472796
0.3730384 -0.3453432
2.002409 1.572379
0.4667385 2.103049
3.131831 -0.2005957
3.367245 0.3319533
-0.5420865 1.217036
1.833634 0.7102677
-0.07979665 -0.3753331
0.5450208 0.01895349
-0.4126702 0.2499815
0.512716 1.087655
2.424667 0.04588928
1.019748 4.140402
-0.4987204 2.248405
1.19942 2.187277
-2.213072 0.703516
-0.4160282 1.757085
-0.2676125 1.31543
-0.1948378 0.3837108
0.6211359 1.727122
-0.5684433 1.504539
-0.5436784 1.808894
1.094433 2.856882
0.1844802 1.091518
0.1963014 -0.5422073
2.465118 0.6439485
-0.6688337 2.012453
-0.9598269 1.253743
1.823412 -0.9157689
3.110264 -0.7084745
1.237421 0.4412858
2.648929 0.9026492
1.007678 2.097434
-1.686497 0.3701897
-0.7542422 0.5505991
0.1569717 -0.4693979
2.374144 0.8550142
2.543875 -0.7369796
2.278551 -0.1892536
-0.1922953 2.403456
0.2940302 1.905104
0.5736113 1.567718
-0.495619 -0.5052659
-0.727072 0.08367542
-1.07613 3.751488
-1.071709 1.248781
-1.114251 1.545179
-0.1114501 -0.4075932
1.198033 0.06959677
0.02639272 -0.2427068
0.1420649 0.06442407
0.1087231 1.203606
0.4383348 -0.5859034
-2.610801 1.969993
0.929435 0.7673862
1.66875 -0.8717478
1.795084 0.6644566
3.060357 -1.848861
1.374759 1.26151
0.9622962 0.5044066
1.307836 1.154829
-0.01158626 0.9216701
1.147594 -0.6634874
2.398127 1.978942
0.9926132 1.553005
-0.2320636 -2.187958
0.854262 0.7173355
-0.811458 0.6559265
0.9838366 -0.7267866
2.028999 0.7744408
-0.9309148 2.085006
1.60023 0.206244
0.8917971 2.269838
-0.2608393 3.232405
-0.6115509 1.5186
0.6879194 1.547959
-0.07849478 2.450074
1.801518 2.367137
0.535074 0.5042972
1.878833 0.7869297
3.138656 3.355155
-0.2815367 -0.9887354
1.159628 1.250971
-0.6591656 2.068325
0.9040682 -0.2911749
-0.09658085 -0.2684599
-0.8562305 0.04532669
-1.887936 -0.309921
-1.975619 0.04048134
0.5391199 -0.9055836
0.4237941 -0.5190334
-1.329345 -0.8038905
-0.2043684 1.308825
-0.5297361 -0.498048
0.7401201 1.204291
-0.01457764 -1.8679
0.04477798 -0.1354321
2.971396 -3.222368
-0.1777539 1.519213
-0.5120239 -0.1543464
0.3951538 -0.7613808
2.741038 2.59991
1.321968 2.57325
0.1480979 -1.684533
-0.3950232 1.536672
0.261699 1.976902
1.578968 1.130222
1.407257 1.177532
0.5678167 2.049212
-0.4482362 2.323772
0.110748 1.48761
-1.589099 1.29697
2.087248 2.035859
3.413112 1.377688
0.1718468 2.96498
0.7232818 -0.3483992
0.8642558 1.967898
-1.010906 2.392185
0.562505 1.488885
-0.6000737 2.167167
-2.046584 1.120193
-0.4438267 1.410463
-0.1501161 0.7691503
-0.3723736 0.2296648
0.6802418 1.738417
0.2987306 2.098904
0.1143412 0.328939
0.51631 2.549783
0.373456 0.5737625
0.9938131 -0.421591
-0.06153871 2.173786
-0.2894012 1.661251
0.5243734 2.416486
0.9937948 1.457518
0.5491063 2.431125
1.212942 2.502829
1.95959 0.6338001
2.479324 2.674163
0.3570575 -0.08408088
2.016691 0.01008422
2.070126 0.5214048
1.491459 -0.6162548
0.3540579 1.956571
1.654646 0.6929844
0.6909495 2.444098
0.8847302 2.819672
2.320736 2.699475
1.109399 -0.2118496
-0.1339708 1.117286
0.4623315 -0.4664872
0.474566 0.08332531
0.599755 0.9689898
0.07584468 3.965198
-0.7661931 2.385951
1.554048 0.6616665
-0.675764 2.65897
-1.516786 0.1763513
-0.02260912 -0.368334
-0.7455805 2.654971
1.67453 -0.8222849
0.4846617 2.793584
-0.1779569 2.56088
0.286169 1.430814
0.7595724 4.574235
-0.1964464 2.119615
0.679242 1.541044
0.860423 -0.4448011
1.930824 1.390017
1.350454 2.315354
0.5755768 0.4062869
-0.6350795 0.83875
-1.028893 3.149801
2.219438 -0.9198612
-3.009208 0.2809362
-2.154027 0.7746406
-0.9431509 1.305661
-1.18217 0.03744028
1.316856 2.33179
0.9529106 2.194353
0.771364 3.760112
-0.06778293 1.535345
0.8312623 1.962825
-0.4133665 0.8626668
0.2621905 -0.209878
0.6172786 1.966946
-0.8436179 1.083283
0.8494952 1.411589
0.9044535 0.7858242
0.928945 -0.09277388
-0.5545303 1.948178
1.116027 1.188126
-1.297104 5.169198
-1.465795 3.540504
-1.232808 1.796367
0.7090323 1.718584
2.348829 3.504651
0.9876682 2.200262
0.8708693 2.980541
0.9314642 1.901781
-0.2296988 1.877965
0.6274116 -0.4331942
-0.9583855 -0.5086461
1.57054 1.047141
0.971899 2.480672
-0.9495806 -0.4398773
1.539904 1.330389
-1.035095 2.028602
1.229818 0.7505213
0.6152412 0.8035668
0.9990825 -0.2684862
1.030963 1.695541
-0.7645011 0.3658607
0.5599631 1.188197
0.02388248 -0.695346
0.3648108 0.9797175
-0.105363 0.5363324
0.8490148 0.3441356
-1.856551 1.274116
0.6688751 -0.5599654
-0.8949774 1.385717
0.5230068 1.452842
1.012487 3.093945
0.6779381 0.8946697
-0.425041 1.154691
2.076777 -0.5763385
1.568205 1.656324
1.193236 1.759946
-1.360495 2.128394
-0.2006367 2.092324
1.456459 1.534458
3.047628 0.4296917
-1.082618 -0.3104902
1.437448 1.622428
-0.2768433 0.588099
0.0839551 -1.65165
-0.2972694 -0.2175876
0.1938902 -0.3275481
0.357953 0.982576
1.26338 -0.3443123
0.5326175 0.5780721
0.8752796 0.8227431
1.251045 0.6313646
-1.489837 1.204477
-2.344913 0.7510354
-0.3645994 -0.2238288
1.955779 -0.8453566
0.6692518 0.6326466
-0.6825036 -0.3086066
2.021629 1.525003
-1.587399 3.304754
-0.7993561 0.6808024
1.159738 0.6518029
-1.930358 1.213423
-1.025681 2.611453
-1.624019 3.003872
0.2266264 2.754572
-0.6148089 0.2001408
-0.3365549 -0.3646485
0.5886466 0.1893515
0.4992221 -0.9257985
0.2767052 -0.4456609
1.159029 1.055568
-0.1712957 0.9450492
1.485915 3.72672
0.0538033 2.395192
-0.3475217 -0.1362932
2.500682 -0.465468
0.1419471 1.969333
0.7651283 1.173123
2.054674 1.966761
-0.4375116 2.346788
0.1370053 0.06192982
-0.4824521 0.6172264
0.01117209 2.073967
0.8564726 3.080547
0.2877446 -0.2785899
0.899774 3.805868
1.649139 -0.2719769
-0.03103809 -0.7259859
0.1583397 0.971965
-0.3768263 2.005378
1.092945 2.342262
-1.602932 2.898585
-0.6923266 1.066345
1.988987 0.2870587
0.1511759 0.4977249
0.3247959 0.777219
-1.968802 -0.5098973
-0.9842296 1.221302
-0.1522526 2.694855
0.7318251 3.767801
0.8891771 1.699417
0.584521 0.817208
1.971671 1.867633
-0.8197309 -0.2426852
0.2303005 1.00452
-1.200264 0.9191265
-0.008504987 3.678017
0.6566443 3.897011
1.342621 1.156785
0.9753618 0.588721
-0.2380895 1.394128
0.2277814 1.647965
0.8665245 -0.5921413
0.1099961 3.153392
-1.335304 2.511759
2.80874 0.05609276
-0.6129456 -2.558465
-2.367929 -1.07075
0.8509412 2.962287
0.1348076 0.5561828
0.3722954 -2.655279
-2.524546 3.200841
0.4503627 1.784729
0.1365035 -0.3335577
1.453871 2.400769
-1.792006 0.2049459
2.448318 1.091778
-0.3419074 1.325549
0.4156785 0.4687319
1.554157 0.5514392
-0.6471469 2.917824
1.683651 2.598959
0.3560636 2.626775
-2.345048 0.2718127
-0.7865967 1.985014
-0.1003376 2.603118
-0.3919526 2.519832
1.350954 1.274545
0.3707033 2.556045
-0.334917 0.3635234
0.7125812 1.933599
-1.02174 1.534845
-1.464507 1.091958
-0.1636228 1.766231
-0.1972948 0.7044557
-0.6244616 1.459178
-1.111343 -0.05210688
0.5013317 0.2580959
1.190786 -0.9876341
1.191288 0.4075541
-0.5685647 2.702828
-2.357499 4.569556
-2.847166 2.149029
-2.820277 1.89118
-2.467418 3.01775
-0.8679626 3.125375
0.03339205 2.762059
-0.04921536 2.113613
-2.124283 3.123907
0.8749645 2.201486
1.457316 1.944432
1.332442 3.492293
2.389155 0.401932
-0.2297674 -0.7591249
-1.362284 0.7691954
1.743676 2.75811
3.671233 2.488009
2.975601 3.049929
-0.2328083 0.823509
-0.6586607 1.282406
1.303751 1.872897
-1.595695 -0.4910849
1.286958 2.761652
0.3877106 0.9677534
-0.06676677 0.2284865
1.419869 2.266968
0.1533077 1.529667
0.7859147 0.6089988
-0.03933891 0.6688171
-1.389081 -0.1210583
1.375365 0.8423223
0.4678801 2.193179
0.4462267 1.173954
2.244964 0.5475456
0.03959548 -1.049861
-1.080927 0.5806627
0.5656278 2.703557
0.521988 1.397114
-1.285579 0.8032204
-3.081889 0.4068581
0.2366317 1.560328
0.7374102 -0.2291061
0.6719475 0.5737461
0.7852406 1.873554
3.384349 1.370741
0.8641611 3.504299
1.052841 2.790422
0.2084053 -0.3187415
-2.443948 0.5540229
0.6814358 0.4695485
-0.5677136 2.751335
1.029838 -0.205579
-0.8591434 0.4707562
-1.319695 4.549559
-1.090283 -0.4986875
2.446131 -1.197357
0.6573521 1.137455
1.972974 2.875895
-1.37225 1.117889
0.5458116 1.398597
-1.602964 3.104333
1.020233 3.839371
0.2070611 3.461832
0.5802437 3.065722
-0.160127 2.884612
-1.688663 -0.6045848
2.855347 2.69192
1.090744 3.472115
0.1970183 1.308967
0.1837716 1.299624
1.37146 1.774032
0.560167 1.272071
-0.02656163 0.660827
1.760925 2.383482
-1.521814 2.653416
2.28721 1.369673
0.3318606 1.079399
-0.08415095 1.162633
-0.02641195 1.720306
0.1680948 1.567177
-1.575337 0.3036837
1.413554 1.487975
-0.2070844 0.7453875
-0.2102465 0.3755689
0.4090162 2.094568
-0.8731486 1.142076
2.907702 2.280614
0.3168538 0.7081538
1.275661 0.7971337
-0.3848518 2.066995
-0.7239851 2.848961
1.435518 3.147676
1.927846 2.24077
-0.874708 1.118077
0.8173617 1.217771
0.6522452 1.762283
0.4727137 0.2954931
0.2875146 0.5735054
1.89547 -0.5254564
2.065856 -0.501354
-0.2375242 3.146221
-0.5494238 1.888634
-0.5630375 1.316931
-1.574002 3.36402
-0.5855914 0.6265211
-1.489931 0.1916893
-3.362752 -0.05756133
-0.7298555 0.7938218
1.223865 1.944679
-0.1338036 1.577244
1.812383 2.205101
0.1811341 3.486642
0.9189417 2.107053
0.8991924 0.9242493
0.7373718 0.9914522
-0.07724275 -0.943502
-1.763961 1.166202
0.6097752 2.098499
1.521877 1.485947
1.080457 4.947935
2.164889 2.070827
0.9640863 1.309354
-0.4401697 1.719201
0.3055458 1.428049
-0.199971 5.066195
0.7460453 0.5723183
0.004825054 1.699369
1.138254 0.8874434
-0.1802563 1.860101
0.824978 1.457714
1.909765 -1.625201
-0.2337264 2.604985
0.2996004 2.617469
1.409954 3.425192
-1.475197 1.271853
0.3339237 0.2338401
-1.507258 -0.2047126
0.9324665 -0.07669643
-1.441036 1.973052
1.617387 1.73639
-1.187087 1.948217
0.3007758 1.509038
0.7850266 2.712846
-0.8379152 2.024527
0.07201168 0.01816664
-0.7319492 4.419762
0.772016 0.9763767
1.44486 1.491566
0.5376722 2.949666
0.4849908 1.394575
-2.107852 1.185819
-0.5496713 -0.2103486
0.5175414 3.292729
2.030552 -0.4160694
0.9938828 1.144823
0.1842201 1.626652
0.1993995 1.414454
0.3749807 3.552741
-0.4869268 2.137432
-0.6728684 2.813286
2.620633 1.71385
0.5080796 1.496358
-0.724267 0.8564166
-0.3307661 0.9409207
1.311502 3.550339
2.084306 0.2058932
-0.4819203 1.79978
0.8863565 -0.5482874
0.6186146 0.9119396
0.1306394 2.468952
-0.4742565 1.139962
0.04524373 1.389512
0.2962024 0.7911576
-1.159398 2.098016
-1.001349 -0.1957005
0.2043301 2.211729
-0.5691156 1.458653
2.005362 2.271211
1.745481 1.315254
0.743099 2.509419
0.08159706 1.308885
1.535253 0.04607191
-1.430741 1.329083
1.995168 -0.2808681
-1.05757 0.9419461
0.1572519 2.551729
0.8244955 0.004575198
1.192935 2.260948
-2.601692 1.500352
-0.1556639 2.285565
1.575731 0.7137186
1.202054 1.810583
1.148113 0.8739014
1.068973 1.670111
0.7290004 2.916402
-1.039749 4.670803
1.419975 3.375628
1.374513 1.231213
-1.142916 1.311504
-1.43881 1.524859
-0.2756475 1.379387
-2.438327 0.8021825
1.097218 1.29906
-0.4696299 0.7589684
1.059012 1.017605
2.016089 1.354193
0.4799952 0.5129844
0.03829669 1.257304
-0.01302443 -0.2498443
1.128005 0.120158
1.929173 1.54509
1.498104 1.110333
1.348065 1.97627
0.3148287 -0.5411883
-1.035897 0.07033936
1.318984 1.353407
-0.04769284 0.7280711
-0.02624549 0.2020827
-1.135437 2.302965
-0.6862687 -1.064656
0.8858425 0.8076095
1.031139 1.226298
1.514956 2.055795
-0.04078305 -0.198696
0.8392836 -0.2570237
-0.8531819 2.189019
2.031665 2.399425
0.1101702 1.977571
-0.2934249 0.8162399
-0.4931136 2.016474
-1.68568 3.810772
-0.5577119 3.046738
1.108855 1.142563
0.1423185 0.7671591
1.271472 -0.1411315
0.06700671 0.1341024
-1.331376 2.092393
0.603343 0.405195
-2.020913 2.116877
0.7489424 1.123965
-0.05998192 -0.4178515
-0.2612546 0.8559942
-0.301917 0.9079081
-1.822434 -0.3170005
-0.2712564 1.673514
-1.161152 2.233552
0.2294964 -0.8735937
-0.4313902 1.238077
-0.3796732 3.314644
0.1608717 -0.3193743
-2.211063 -0.2703201
1.260433 1.824969
0.3273966 -0.6308191
1.299934 2.897188
0.0976384 1.181513
-0.03813714 2.301561
1.146885 1.269499
0.8393917 2.059148
0.8048642 0.5570185
1.009466 -0.3661373
0.4389824 2.538857
1.042906 3.750785
0.6045272 2.390834
0.05526245 0.4268141
0.6652201 2.139767
0.07138951 2.593606
0.7183849 1.086784
0.281899 0.253657
-0.5057199 1.422037
-0.9063192 0.02295131
-0.2540186 2.632002
-0.298022 1.929247
0.6985759 1.221653
-0.224782 2.441062
1.316628 0.6841694
1.829404 -0.7326478
-1.426455 1.063981
1.348723 1.153276
0.6552855 3.782274
-2.087157 2.473662
1.751698 2.728891
0.643231 3.285825
1.60254 2.15795
2.888773 2.774152
2.78643 2.243761
0.3948755 1.887729
0.7701045 1.986045
1.066427 1.593801
2.037383 0.8221596
4.778809 -0.787185
2.890713 -1.833722
-0.55156 1.587892
0.5492452 -0.6431867
0.3411642 1.717348
-0.5875644 1.608117
2.474002 0.1319108
0.3764633 1.289735
-0.1041189 0.2454361
-0.009869729 -2.036464
-0.07518332 -0.4325902
0.3725931 -0.5060189
1.82446 -1.850315
0.8098016 -1.717963
-2.827541 0.8872609
-2.288295 2.08921
-2.42988 2.37832
-2.512745 1.405853
-0.1252613 1.930314
2.621358 -0.9219786
-0.710185 -0.3764144
-0.2998645 1.254492
-0.2602108 3.887322
0.1891613 1.51539
-1.281135 1.106414
0.8650741 1.380002
1.303747 1.484481
2.093813 1.778439
1.95016 1.638986
0.4576972 1.149877
1.109289 0.2502605
0.5649321 1.229832
2.487704 1.975816
0.6869794 1.239262
-0.04064236 2.590389
0.5318938 0.9181285
1.083139 1.860736
1.26969 1.709613
0.7700984 0.9339708
-1.974827 0.2155829
0.2596523 0.5635291
-0.670658 1.091615
3.603001 0.2153262
-1.414344 1.093561
1.700511 0.9362336
1.876712 2.596398
1.252957 0.3957413
2.201872 -0.3349407
0.6131551 1.720236
-0.3312824 1.873997
0.8481323 0.7092924
0.6575315 1.534992
-1.998576 3.572221
-2.04211 1.774432
-0.8088843 1.587084
1.033507 3.067991
0.2686467 -0.6885337
1.152313 2.853541
0.8419724 0.8527032
0.8203764 2.226624
-0.4499408 0.5802887
0.440256 1.876893
1.006922 0.3105302
0.9622183 3.545248
-2.991302 2.714115
-0.4374893 3.772594
1.303842 -0.2510907
-0.2320425 3.063448
-0.4636673 3.725836
0.09057649 1.640249
-1.442654 3.542779
1.722685 1.899532
-0.2375967 2.107481
-1.259233 0.4584231
-0.02947693 2.721931
0.076201 2.660837
-1.140566 1.787054
-2.407432 2.0597
-1.765886 1.915987
-1.274561 1.852783
-0.3770548 1.370193
-0.4391626 3.381145
0.007955083 0.3151065
-1.483274 1.853447
2.321215 2.74618
3.275049 -1.773984
0.173909 -0.4127856
0.5398572 1.790779
1.453146 1.896798
-0.8906987 1.900072
0.3151552 1.722627
-1.288443 2.251828
1.523299 1.769618
-0.009884431 1.081936
0.6020294 2.371308
2.152393 0.956774
-1.38434 1.291866
-0.5268069 1.21013
0.03903504 1.822356
0.8660192 0.05515178
-0.4398977 1.035781
-0.4931092 2.890464
0.2644873 1.289477
-0.5488796 2.398715
0.5582536 0.268374
-1.239271 -0.2847691
-1.305671 1.080273
1.74388 0.9419809
-1.583086 1.959085
-2.337801 0.66409
1.046474 0.4889492
-0.01330656 0.4381463
-1.359007 0.5463789
0.1932955 0.9064994
-0.3428411 1.14459
-0.4506535 0.569669
1.620498 0.3200573
-0.706937 3.661521
-0.8212736 0.3059652
-1.311038 2.301962
-0.1356567 2.848696
-0.07997503 2.233507
1.541192 1.081071
0.01709677 1.111384
4.375283 0.2299282
0.8365723 4.480372
-0.02462011 0.8915897
-0.6676734 3.078202
-0.5165261 2.444006
-1.120289 1.510691
-0.005612123 2.618077
-1.007395 0.3565437
0.2700444 0.1443307
-0.3125436 1.138833
0.2655692 1.299431
-2.238525 0.06290364
-0.9623718 1.927098
0.3282177 -0.2246841
-1.489691 0.6551974
-1.105198 3.551658
-0.4487945 3.363402
-0.2355223 0.7139617
-0.5062175 1.417701
1.268452 0.8290605
0.6664862 1.312999
0.1103562 0.5382433
0.4173423 3.158888
3.035543 -0.182571
1.794961 1.18731
0.02242574 0.2096879
0.3068227 0.7518526
0.05168596 1.351025
-0.151101 2.609583
0.5760671 1.254052
-1.357848 1.842016
1.360752 2.763728
-0.3940877 2.50286
0.8623717 -0.5219031
-0.6966718 1.950852
-0.2609032 -0.04147583
1.570747 0.2419228
0.2390809 2.577542
2.499538 3.061156
1.379522 2.776686
0.2903051 -0.5255638
-0.9778252 0.3754145
-0.2810331 -0.6591346
1.646139 1.406562
1.562636 2.870216
-0.02029452 3.747604
-1.813545 2.135537
1.62417 3.017573
1.2021 2.14059
-0.6719623 1.327514
1.029479 0.9439698
1.606337 0.02704133
-1.324201 0.6622552
0.335903 0.6353853
1.137783 -1.14355
-0.3925003 2.699106
-0.6903566 1.081206
-0.3640954 1.925461
1.853928 -0.2903632
0.1967703 -1.147476
1.205851 -1.795683
1.781525 0.7871665
1.145376 0.3647511
-0.05075674 0.2741343
0.4662879 1.979294
-0.3223466 0.3435642
0.1896781 1.941895
0.7815655 2.443306
0.4116074 1.336482
-1.342553 0.9293933
1.109934 3.977508
-0.8693503 1.727069
-0.6446095 -1.83683
-1.868353 3.430756
1.652135 -0.3992458
-1.155646 1.813198
1.36533 1.967407
-1.939804 0.1770753
-0.4487794 1.001515
-0.5557169 1.300434
-2.249648 2.318516
-0.900838 0.7433785
0.7332591 2.449005
0.5660281 1.176701
1.031903 1.449037
2.035305 1.091423
1.481078 0.7658701
0.3377161 0.05364588
-2.048437 1.05413
0.6493322 2.991346
-1.596688 3.052929
-0.5357109 1.955009
0.9407862 -0.04653153
-0.2591277 2.494125
0.5652357 1.092899
-1.379807 2.353499
-1.121153 2.756249
1.486499 2.167318
-2.458793 0.8449852
-0.2491266 2.194331
1.373669 4.046813
-0.8346534 4.063689
0.9754354 1.096836
1.674528 1.33686
0.2851914 -0.3911335
1.96986 0.3013467
2.217047 2.445916
1.045642 1.808975
1.07715 0.5245107
-0.6379453 0.77983
-0.8286963 3.176441
-1.453957 0.6663532
-0.3448502 0.5869267
0.04627381 0.6453976
-0.02755998 2.299234
-0.3805092 1.296175
1.31078 1.2589
2.693798 1.596611
-0.7858803 1.650842
-3.296874 1.031038
0.2557556 -0.6368593
0.930371 0.3967698
2.516203 -0.4512263
1.980177 -0.05792766
-0.06380914 0.8483194
0.574334 -1.197809
-0.3803081 1.519882
-1.096994 2.156242
1.290251 -0.0120615
-1.337097 1.899535
0.2971139 1.97769
-2.457187 1.690838
-0.4804176 1.068362
-0.1510221 3.432234
-1.276267 0.253274
1.065561 -0.8259056
0.7253324 1.741012
1.345472 1.46963
1.438561 3.344972
0.7123801 2.922234
1.033508 0.8141831
0.6139482 1.187476
1.432492 0.1685784
-0.02890095 0.7501552
0.3074974 0.3910771
0.6400061 2.507504
-0.9283223 3.125027
-0.235714 0.4476821
1.095439 4.243019
0.1749423 1.900708
2.402779 2.366715
-0.0954276 0.7908918
-0.1163564 -0.149636
0.1573414 2.398213
0.9991292 -0.2988708
-0.6668134 1.586262
1.202644 2.477058
0.5846338 0.7768094
0.7057358 2.082066
1.542401 0.7079314
-0.7218728 0.3187482
0.4413379 2.553472
-0.5810901 3.202321
-0.1747886 2.103455
-0.2889676 0.4086431
2.369321 1.097314
0.4108226 -1.83445
1.711372 0.1988532
0.7399708 0.9154483
-0.7059028 2.421034
-2.060549 2.910062
0.04968319 1.675957
-1.977052 2.359017
0.9518234 1.164836
-1.412801 -0.1955431
-0.6818004 0.855946
0.359138 0.8015377
0.326103 0.1939921
0.2537848 4.230103
0.3467003 2.851548
0.9629031 1.298886
-0.1343125 0.7289753
0.683631 -0.3336099
1.153727 0.5277136
0.7067344 -0.9002795
-1.46164 -0.3708108
-1.430378 -0.1834625
0.9626548 0.8395367
0.2638961 4.015817
-0.4791254 2.420617
0.9103701 3.257602
-0.8548454 -0.7523568
1.250561 -0.9121466
2.406323 0.4241694
3.247002 3.21126
-1.093289 1.905252
-0.27557 2.170026
-0.671364 2.756822
2.342226 -0.3818958
1.345115 0.9112352
1.105313 -0.2716989
0.925569 2.523642
-0.1889962 3.34014
0.03489841 0.9631758
0.1909652 3.245541
0.4137586 0.4431964
2.745435 0.5379088
-1.187588 2.60385
0.09366812 -0.7487352
-0.4927863 0.9536113
-0.4211487 2.936074
0.51032 0.7738059
1.480509 0.4188233
0.3725634 0.3284291
-0.374803 0.1518128
-0.5644362 1.600316
0.5003678 1.367077
-1.48644 2.949903
-0.9659096 0.7115111
1.064654 4.489451
1.702294 3.182294
0.6731905 -0.2166511
-1.230552 -0.1481283
-0.3330588 1.018413
0.552275 2.829576
0.8042234 3.065609
0.6777933 0.2269401
-2.155506 1.888439
-2.623092 -0.6812674
-1.566932 1.342206
-2.023889 1.160846
0.7080072 0.2125084
-0.08583572 0.7338089
-0.7799857 2.27441
1.340862 -0.03849891
0.6604626 -0.8453272
0.5537071 4.316589
1.251045 2.398449
0.8176647 1.476608
0.5117995 1.376197
2.786268 0.571299
1.114494 2.945236
3.091192 1.221798
-2.371564 2.510598
-1.455814 2.768496
0.4184485 -0.2540441
1.722406 1.968657
2.450191 1.138855
0.538091 1.758615
-2.922494 1.702884
-0.9440815 1.85267
-0.002115952 1.442257
0.2176955 2.145374
1.667123 0.5373476
0.5605531 1.222377
-0.461361 2.423386
0.7525771 2.28077
-0.1352672 0.6053048
-1.455234 0.07620709
-0.008043835 -0.7108119
-0.2490156 1.39487
-1.599364 -2.200947
0.9018649 3.097657
0.6101461 1.580383
-1.280179 2.912351
0.5893477 -0.6408111
-0.1604171 -0.4389919
1.092302 1.284733
1.505975 0.1929777
0.2229954 1.9923
-0.0900448 2.37844
-0.4724861 2.384822
-0.1240031 4.204257
-0.7437634 1.956435
0.8828153 2.330025
1.106606 2.134168
0.6451189 3.595869
1.507352 0.7464036
0.003725625 1.528443
-0.192225 3.031304
-0.3511574 0.6939343
0.8945 3.135061
-0.7973765 3.002726
-1.74588 0.85109
-1.622888 0.725017
1.30995 -0.008842376
-0.7774816 2.355464
0.2458126 2.827484
0.2072556 1.629295
-1.742599 0.8527747
0.7128168 1.690855
0.9827334 1.785545
0.4662838 0.6841356
0.3980527 -0.1507563
1.276611 1.172401
0.6337817 1.851302
-0.2287799 2.382299
1.381252 3.057581
0.9742734 0.3513793
0.9006707 2.331684
-1.116095 2.276051
-1.570158 -0.7878943
-2.172304 -0.07320551
-0.4189472 2.092819
-0.009061118 0.8390696
-0.07716988 0.0004385874
0.04638908 1.099035
-0.6121021 0.1200516
-1.28698 0.3571292
-0.04655963 0.1671266
-0.2766431 1.442694
-0.653227 -0.1362973
0.8415799 -0.159131
0.08786105 1.649068
-2.369057 3.336756
-1.513545 2.732058
0.3371122 2.151298
1.696589 2.884526
0.6559021 0.6346694
0.2539142 2.809414
0.455171 1.360356
0.4311274 -0.953273
-1.270162 -0.1631359
-0.5600706 2.74758
0.2497479 1.093916
-0.1328473 2.73912
1.184631 1.920607
1.133009 2.473113
-0.5904307 1.382952
-2.725856 2.390254
-0.6487664 1.134773
-1.99396 -0.9886687
-0.05977636 2.555593
-0.7300114 -0.1931662
1.287558 2.472746
0.1330145 1.272517
1.06092 1.504844
-0.5895001 -0.1890449
0.7760892 0.1916446
0.4678599 3.655016
1.77285 2.690714
0.2042409 1.848275
-0.02727322 2.065407
1.406991 2.257884
2.452687 -0.6943497
1.110427 2.870289
1.470642 -0.2647993
-0.5217403 -1.306509
-0.04581389 1.43287
2.227269 1.113281
0.3635889 3.216207
-2.371124 1.78282
0.3483455 1.466983
-1.331984 0.3155689
1.426902 1.538629
-1.114027 1.716888
2.35925 2.379862
1.465467 3.209984
0.2024216 0.2084423
-0.3364929 2.783246
1.273018 0.9039125
0.6107953 1.022501
-1.246297 0.4482242
1.248523 1.801821
2.17473 0.8468147
0.1797862 2.591478
-1.678903 1.538801
1.393714 1.260079
1.825581 3.261551
0.627908 -0.6162285
0.02201327 1.153389
-0.4760084 1.367554
0.3576044 0.4107733
0.7037864 2.301345
-1.773298 1.030368
-1.787495 1.431752
2.032148 0.7262163
2.560418 0.9637151
-0.05423067 2.660666
-0.4430503 2.508271
-2.023122 1.214675
-1.800814 0.794992
-2.695043 1.260494
-0.4269809 4.169836
-0.4461936 -0.3146619
1.339209 1.032897
0.8501676 0.4968061
0.6562333 1.879254
-0.07738448 3.03976
1.16058 0.4523993
-0.7107466 -0.3734944
1.736968 0.1778193
0.9158052 0.5276827
-0.5936924 1.597268
1.181115 0.7745118
1.167054 2.097347
-0.6351914 1.250006
0.3602039 3.186789
-1.093787 0.4679408
0.1863767 2.267646
0.3762441 2.074634
-2.545948 1.926648
-2.877643 1.334061
0.3080802 -0.8025924
0.1139292 -2.308908
0.6748812 0.70654
0.2012993 1.760236
-0.8724481 1.906802
3.247174 1.511691
1.986979 2.151343
0.7754111 1.700057
-0.9062234 2.767124
0.2078822 0.8002922
-0.3245 0.9960542
-1.859994 0.7121727
-0.5465481 0.6040907
2.810092 0.2274863
0.274943 0.7890419
0.2198667 1.947892
-1.963106 1.666508
-0.34626 0.449444
0.00559412 2.213736
-0.678769 0.9403922
2.103477 0.2741442
-0.1871384 -0.1021854
0.7773284 1.808718
1.754158 0.3765904
-0.481485 0.2878059
-2.052213 3.489081
-2.012487 0.1421508
-0.2223394 1.181971
1.186939 1.397177
2.709323 3.045077
2.030834 1.689472
1.771642 2.839569
0.06884638 0.8162015
-0.104971 -1.361974
-0.7252651 1.742649
1.206959 3.825741
-0.4088387 2.592678
-1.479291 -0.3197575
0.8123954 0.6481741
1.05033 2.172997
-0.5302379 1.814978
0.8104973 2.916164
-0.5001399 3.194981
-2.456055 4.553965
0.1663706 2.003507
-1.43282 0.7364585
1.012989 0.4974612
0.7699465 1.178979
1.605534 1.826749
-0.4515158 0.9668588
1.29782 3.335388
2.965456 2.280375
-1.059163 1.776171
-2.112952 2.853368
-1.144203 1.177335
1.943669 0.6531049
3.482468 2.971066
1.828535 2.312313
1.098342 1.315987
-1.151844 3.509914
0.678566 4.853984
2.803378 1.958969
-0.1127151 1.793623
1.255829 0.8280409
0.9595572 2.997952
0.5081963 1.737498
1.523326 0.7827737
-0.0999688 1.018393
1.25345 2.20264
-1.823612 2.949158
1.460225 2.806814
1.107841 1.593546
-0.6121025 2.79207
0.345245 0.9306278
1.495761 1.747458
0.6216526 1.889814
-0.3094818 2.712422
-0.578853 0.3908126
-1.760296 -0.3096425
0.9130257 0.2726046
2.234185 1.118426
-1.464989 -0.002665776
1.232422 1.699798
0.4996003 1.375754
1.287884 2.667387
1.44564 0.6518957
0.4641354 1.115649
-0.107122 3.228492
-0.6196725 -0.4037467
1.265771 3.734489
-0.03708061 0.7651474
-0.5837675 2.49335
-0.2371198 -1.342747
2.809514 0.5828744
1.216686 0.9985718
1.316097 1.170999
0.4076538 -1.642513
2.535557 2.08781
-0.4157415 -0.5263327
-1.230521 1.050755
-1.649092 -0.3633455
1.029273 1.263175
1.171675 -0.3745297
-1.779867 1.122983
-2.110247 1.775379
1.591425 3.23172
1.658091 -0.007433322
1.929155 3.770544
-0.8960992 1.347001
1.520779 0.8646174
