59.98981
60.31555
57.29016
55.51272
58.85998
58.76161
54.95033
55.55149
63.76965
60.55758
57.65099
56.84242
58.61099
60.398
58.16356
56.42444
56.95397
58.54539
58.045
57.09542
57.63285
57.92776
58.73466
56.28733
53.98211
58.9996
59.40001
55.60562
55.07538
55.23953
60.57797
57.91854
56.16831
55.76926
60.38325
60.68541
56.10648
59.57186
55.83392
57.64227
58.45476
58.47893
57.90973
58.04209
56.52754
56.25054
56.61238
57.61876
58.82927
58.40629
59.40596
59.01139
59.25735
56.83378
58.33298
58.16437
56.78882
55.54584
58.68134
60.0911
55.70641
54.68688
58.3299
59.00745
58.64779
58.47432
50.95534
59.0511
56.61147
60.86931
57.05756
56.00568
55.75604
59.95523
60.83958
52.50767
58.15058
55.85455
57.41669
56.73941
58.18122
55.2938
58.21923
54.23719
56.24561
55.25781
57.98183
53.41207
56.70376
57.42203
54.26944
52.34063
57.01412
58.21444
61.32291
58.11177
57.48018
61.01023
60.8291
57.39989
59.30132
60.20414
57.34859
56.42141
59.49319
58.18254
56.83205
56.46286
57.43279
54.35751
60.84415
57.63365
55.72265
56.36276
56.34798
56.4865
57.80014
58.39674
60.56816
61.45586
55.79882
58.45146
58.0136
56.01506
58.58458
56.99399
58.10876
54.18489
55.63929
60.02866
52.39723
55.61615
56.95729
53.01621
57.67648
60.28763
53.22771
56.63412
55.68132
54.53459
56.50065
57.00589
56.49718
56.96081
58.846
57.9388
58.5231
60.81183
56.64186
59.58928
59.6441
57.33091
55.39812
54.4906
57.60112
57.13119
56.17751
55.478
59.13699
57.71441
57.35467
57.50411
59.7927
58.62886
57.94073
55.24925
60.37461
55.95934
58.51362
57.21274
56.47524
62.49873
56.85833
55.97657
54.86198
60.80945
54.43698
57.48633
61.2949
57.36777
55.92558
56.98752
53.6332
58.24899
55.9165
55.46644
64.099
61.50791
62.18183
55.97385
55.87163
52.85453
54.35115
60.68215
55.53781
57.26066
59.11799
57.3511
59.26664
59.03564
60.07203
56.22332
54.12729
56.55806
57.44892
56.66614
54.32445
54.65458
57.19099
56.3355
57.35031
56.53826
57.28258
57.66651
56.99575
59.32736
56.64611
59.20568
53.64068
58.92339
58.19876
55.75099
58.5305
55.43056
56.12769
58.50739
56.96276
57.46954
56.56348
57.78676
53.74604
56.2347
56.70306
57.91294
59.87427
59.9918
57.3863
58.5455
56.4301
58.54905
57.95681
58.85452
56.5671
57.85978
56.44971
55.07126
52.75577
58.29487
59.43448
55.42618
57.1019
58.22483
57.80242
56.31601
58.8504
57.11687
54.78826
56.09165
56.36297
60.19985
53.65051
55.07626
56.14226
57.64945
57.62508
59.12594
60.70358
60.40655
56.88574
55.89617
57.40664
51.81285
55.84828
54.40072
56.43792
55.0028
58.54154
51.94761
57.1226
57.99738
58.55599
57.67274
53.38685
58.22222
54.16302
59.80448
60.64386
55.9943
63.8594
54.0608
55.93539
54.78367
58.99229
56.12966
55.92694
57.48065
56.91779
58.63711
58.23207
56.47913
59.45259
55.38347
56.90325
60.94148
60.38919
59.59605
57.89812
57.05767
57.14739
55.60043
59.65075
57.81717
53.86104
59.44663
51.17111
61.01794
58.99464
59.09977
59.34849
52.2511
56.53767
56.11263
56.68103
59.29507
59.80939
58.50944
57.04248
56.70355
61.25992
55.25442
57.06121
57.78412
57.85222
56.35133
54.26116
58.11474
56.98415
58.85069
58.71762
58.16425
56.91025
53.91809
59.09826
59.71084
58.84888
60.02799
55.08383
56.76203
55.87181
58.36358
57.01253
54.0157
55.4563
55.5471
56.94729
56.02368
59.69642
52.85994
57.02525
56.37774
63.20877
57.71674
56.2073
53.93771
54.45474
60.16263
60.22086
61.59258
56.53263
58.14051
60.64137
56.95828
55.1288
57.37913
58.06892
61.01096
55.3402
55.57268
57.71707
56.60159
60.47638
57.4737
56.85139
55.40692
59.43087
61.10104
54.74351
58.99185
57.53059
60.31992
58.45652
57.29604
59.63605
57.02439
59.05279
57.04179
60.61237
60.80362
51.46993
53.54845
55.76382
55.04988
58.75105
55.01474
58.0029
58.7311
56.37941
61.16677
58.77623
58.69297
58.93341
59.96601
55.26107
58.9859
57.58621
58.13373
59.19134
59.89001
55.0474
59.35251
54.85307
56.0146
56.91307
55.62636
58.34384
56.9144
53.3435
55.79341
57.76
54.7113
55.15444
58.31641
60.74987
54.08209
57.84212
59.29762
56.97906
56.43371
54.28344
58.735
60.96858
59.96044
58.38931
60.80742
55.62488
55.226
54.49035
57.81201
55.79199
59.75046
58.35723
56.09687
55.71141
58.27669
58.14296
57.3052
54.0266
58.86329
56.97182
57.29111
59.23263
57.78788
57.80513
58.59837
58.0351
60.6231
60.10861
57.32853
60.07774
56.64989
57.55746
55.70924
58.62872
55.66599
57.93318
60.40176
55.54064
55.26225
57.61455
60.89746
55.17028
50.48333
58.58844
60.56119
57.62134
55.24876
57.68524
53.93167
55.46409
57.11625
54.93225
57.06222
55.83464
56.52072
56.21528
53.10915
54.97207
55.43184
57.02485
57.15338
59.8247
53.60134
60.31964
54.97599
56.89517
57.55667
60.76762
59.11435
56.45847
60.2664
58.42421
61.84136
57.6536
54.11146
53.36884
57.3808
55.69764
56.45754
54.99683
56.09984
55.81232
54.76574
56.71407
56.183
53.8968
57.63624
56.63339
57.80736
55.64132
58.04886
57.86956
55.56585
56.40508
54.28489
60.00801
53.8212
56.57486
58.44439
57.68369
57.49097
58.37836
56.07044
60.06381
56.70428
56.79266
54.96847
60.34475
54.23021
61.88129
61.56413
58.47147
59.19425
59.85806
54.84596
56.8343
56.27739
56.81962
54.13415
58.90397
60.80024
61.50945
58.63353
55.4274
60.83495
60.76682
59.14277
57.50973
58.18368
58.69839
56.50758
56.00812
60.16262
58.65111
56.11508
53.95441
56.05685
57.62742
53.52309
55.06227
59.59337
57.45978
56.50855
56.41103
54.52238
55.39217
56.16895
57.10567
54.73643
53.35064
57.0252
59.25871
58.74156
56.38157
56.8837
53.78541
56.56588
59.46113
54.01162
59.74039
57.14715
55.83615
59.87745
59.69371
55.36035
56.05022
60.09527
57.80147
58.49432
58.41843
56.09703
57.81301
52.75217
58.9111
55.59677
56.56629
57.86057
56.60052
57.79165
54.30588
62.5161
57.24998
59.21793
60.85283
58.29351
55.39555
53.93248
58.1342
57.02466
61.22936
57.78203
53.64056
58.47343
57.81279
55.75479
56.35992
59.46357
57.54487
55.42184
59.44184
58.53642
58.2025
57.20771
61.46143
57.46597
61.20324
54.28757
52.61516
55.06716
56.17114
60.03632
56.15082
59.45042
58.04057
58.66646
57.42492
58.12566
57.65946
59.52581
59.65041
57.96724
57.18213
53.00543
53.85282
58.62341
56.20156
57.69128
54.96305
57.17805
57.36579
59.63654
59.04982
54.2209
57.93942
50.4092
56.50223
58.80434
57.27043
55.92616
58.42634
57.37408
58.02634
57.8143
56.8708
60.52519
55.49227
59.76856
59.46236
58.89663
57.02621
55.00921
57.58483
54.46837
60.17506
57.21919
55.05607
57.50534
56.63929
57.09471
56.33762
57.25984
58.6346
58.56375
55.00547
56.50484
60.31207
57.53333
58.76258
58.91462
57.30602
58.1075
58.53645
57.45712
59.70758
55.33073
57.12815
56.79435
59.06693
52.0105
56.19606
58.16561
54.59052
57.64659
53.41844
59.05625
60.81316
58.10147
57.00977
56.88935
56.45783
55.65076
58.69936
53.89874
56.19247
58.31549
55.32216
60.324
59.28782
57.9226
58.53034
56.09028
59.63376
59.91136
58.06957
56.15027
56.22474
57.65154
57.92844
54.7987
57.60046
54.01002
59.80354
57.20856
54.89178
57.76451
55.13904
61.22722
58.06538
57.98897
58.20699
62.87987
57.41683
57.30764
58.33507
56.48057
57.86396
56.94295
58.71426
56.87729
56.10058
57.13125
60.54034
55.68194
57.62601
60.67917
59.95081
56.39157
55.1071
57.40772
59.3303
57.49159
57.52037
57.22906
61.15488
56.79799
54.08779
56.31636
55.22088
55.87887
60.53968
60.61339
60.97342
55.13801
56.52144
59.15708
55.77294
55.8026
57.37992
57.05535
56.70637
55.22775
58.00588
59.53859
56.88355
56.42334
57.66216
56.65913
59.05545
53.72247
54.56153
57.95628
59.09115
58.36602
57.63595
59.46319
56.22959
56.68141
57.6306
56.22257
57.73879
53.79024
60.18416
55.92802
55.34374
52.03426
56.33353
52.1247
58.75158
57.90753
60.03479
61.15924
57.89616
60.44108
58.87321
54.14948
58.50933
59.65651
57.36658
59.22297
60.07013
56.27533
56.34236
55.65882
55.62446
56.28476
57.33593
59.55894
55.99827
60.81366
53.70271
57.74644
55.82995
58.45893
58.95145
56.45704
57.93256
59.21659
55.22644
62.15236
58.09608
59.46532
56.35213
57.3687
56.60832
56.38128
56.18074
59.34107
57.97674
60.76849
56.45607
60.71584
55.04284
56.00542
60.28306
58.91141
57.789
58.65995
56.74524
56.98473
58.60468
54.6148
57.48937
60.51648
58.23226
55.23929
58.89222
57.23465
59.50334
58.66618
56.08736
59.60547
55.04134
59.48478
60.46099
56.79662
54.99259
53.46536
55.80794
53.84424
56.9337
57.12566
57.17484
56.71397
59.961
58.10954
56.04155
57.85104
56.60958
56.91651
58.19714
56.11861
58.98484
56.51169
57.43104
55.87941
59.85257
59.0405
58.74438
56.1366
56.27975
54.0279
59.53569
55.97198
55.65629
59.28308
54.79438
57.48443
59.84434
56.36573
59.95031
57.12344
57.2994
58.91527
58.53185
60.26735
58.35833
59.75392
57.7183
57.53998
57.15456
59.14732
57.24351
56.9158
60.85299
57.17722
57.48884
57.56544
59.01222
56.30822
56.42784
54.67788
58.54893
59.86296
57.08237
53.49252
57.09256
55.83712
57.47233
58.49666
58.64244
56.6575
55.70973
57.89146
56.37123
56.87189
59.08338
57.29857
56.75835
60.9582
54.76719
62.40134
54.60942
55.62845
54.3301
58.63324
63.13783
53.59239
55.74929
58.60619
56.18815
56.25091
56.89379
58.97821
57.79644
56.99178
51.40916
58.17694
57.7679
55.27061
62.39795
59.29959
55.58613
57.31881
56.57626
58.13268
59.71115
58.15312
60.02594
55.48609
57.02996
59.32309
59.52113
54.223
58.56762
62.11817
57.22889
54.99837
57.29625
58.83751
54.43145
57.10858
54.7127
60.85003
58.32019
58.82455
59.37392
57.711
57.31261
57.00122
55.12605
55.85588
60.17548
57.75394
56.07841
54.50079
58.30785
55.22891
55.67643
56.89677
57.65164
56.09324
57.52282
56.83074
57.92209
56.21506
54.84503
58.25215
55.95623
57.38312
56.79882
55.71394
58.75293
56.23396
54.893
57.47538
55.82175
58.13962
55.20029
58.44873
59.12758
57.13282
59.17767
56.87123
59.19541
59.55471
57.59406
56.90965
59.43623
58.31218
55.06468
58.57693
58.72359
58.9531
59.87213
57.0107
55.58111
57.27796
58.0484
53.8217
57.43114
60.6862
58.29981
56.31922
57.03715
57.80606
58.96628
58.58752
55.12994
58.05893
59.26892
58.20802
57.20326
57.31585
59.1089
57.7094
60.74559
57.66038
55.15444
54.86672
54.80986
56.63982
56.31711
60.73076
57.97297
56.86702
56.53921
58.18575
58.85178
58.54905
57.26296
60.01767
57.18574
62.55994
54.58675
55.21831
57.67615
59.1951
56.98172
56.50614
61.01749
55.19637
58.03463
58.9622
54.87787
61.80808
55.33443
58.64634
56.13655
56.54556
50.92218
56.27777
58.58776
55.18789
58.6718
52.54967
59.47686
57.16536
58.77568
54.98576
57.88806
56.81199
58.7495
57.23442
53.33206
59.09038
56.19595
60.1229
56.72726
57.05439
53.42998
56.24283
57.24714
57.61134
58.60161
60.73253
56.14587
57.38416
59.68353
58.63504
56.61504
50.97818
57.76835
57.47897
56.59554
58.05437
54.87459
57.3517
58.60562
54.47457
58.51667
56.85069
59.57349
57.94033
55.38511
57.68652
54.50774
55.2163
59.1535
59.47204
57.52762
57.48229
61.70216
59.61886
61.32975
57.764
54.1668
58.63958
55.60345
56.3405
54.99728
53.6892
55.15296
57.61536
54.26641
59.54009
56.90267
57.46904
55.26061
56.25599
53.66597
58.29016
54.92671
58.07041
56.88048
59.00499
56.35524
56.81345
59.60843
56.36487
55.34718
57.36488
61.71509
56.71645
56.98213
60.27548
61.47046
53.43151
58.91727
57.18268
59.25105
57.44969
57.40091
58.5188
56.45683
58.44195
55.7298
58.23644
60.25591
57.5209
56.46713
53.12079
57.62469
56.93278
57.31292
53.47852
59.06144
55.92987
53.35152
59.98014
60.38073
52.50716
58.74029
59.04595
61.26828
58.9185
56.71086
57.25526
59.34806
57.71123
57.69623
58.90834
59.54526
54.12664
57.79833
57.15974
57.18364
63.84744
59.30563
56.54338
61.84711
55.92395
55.23617
55.9289
56.94953
58.43694
58.76513
55.39
58.6543
56.82907
54.154
56.87362
60.62701
56.2962
60.04329
56.04924
56.85091
57.57705
55.56221
55.79579
58.52167
59.27038
56.18816
54.47893
52.45478
58.68148
57.36152
57.53857
58.37558
57.20558
56.16279
60.73105
58.46789
55.94652
55.06712
55.80003
54.75647
58.58162
56.05282
57.01585
58.48276
57.95018
52.26622
55.52219
59.63817
58.67376
54.79759
54.73002
56.02036
57.84179
57.79359
60.39021
55.79036
55.11654
56.34485
57.91208
54.15735
59.64317
52.38561
52.64522
54.27625
56.51666
57.37927
57.5385
59.98292
51.95673
58.26813
54.89235
54.55304
58.02144
57.213
60.25523
55.96561
57.93228
58.94366
56.7623
53.2821
55.25919
59.30067
59.40366
57.41964
58.72828
56.17786
58.02825
59.40943
54.94977
60.87415
56.76365
57.03293
53.52351
54.59699
57.78113
57.25249
54.55977
58.76357
57.16515
60.31184
55.35157
54.59518
57.75053
54.9725
59.93357
56.9126
56.61939
61.53996
58.02781
53.70378
56.92228
59.13835
60.93558
55.98815
57.89335
56.09768
56.23691
60.76561
54.72236
53.76708
56.20614
61.21183
58.78364
56.90532
52.10823
58.27047
57.25888
59.93135
56.62808
59.00781
55.85725
57.74855
57.32871
55.56681
58.42985
62.65416
57.7237
56.70454
58.40114
53.61672
58.02176
57.31663
58.77016
57.32241
58.65042
56.26022
58.1669
57.87511
56.50291
59.46225
59.52435
58.13938
58.42096
60.44523
55.05053
58.6817
54.51891
57.22416
56.48193
59.38721
57.69832
60.14611
57.1433
52.58543
58.70469
55.61821
58.17165
56.37144
53.73054
57.51271
59.43482
60.08951
52.25013
56.63739
60.94431
55.26248
61.75116
57.05531
56.64926
60.97891
57.27808
56.12443
60.01719
58.74801
57.05529
54.96135
61.41737
57.35863
57.01387
57.48538
56.67062
57.22047
60.47588
57.36863
56.93409
56.01672
56.83531
54.45366
59.74319
57.14493
56.29636
56.25318
59.02108
59.19676
58.60825
57.30073
53.94349
60.72557
55.70062
58.9138
63.36905
58.9617
57.01505
58.22972
57.48855
56.34866
56.53937
59.11931
60.34599
56.9417
57.0152
57.89307
59.94314
60.04706
57.92879
58.8888
57.82484
57.09324
60.03536
60.4606
58.38317
57.50495
58.14747
56.89906
57.04146
58.00225
56.08759
57.45392
57.006
59.58627
56.17958
57.04872
56.08152
56.86162
58.90517
57.06303
56.4349
59.09144
58.68779
53.41483
58.53039
55.973
61.37669
55.06929
55.35356
55.0075
59.89219
60.89516
55.61052
59.47991
59.83996
55.69443
58.11689
59.1109
57.62873
58.69264
58.83233
56.05212
61.99175
57.2768
59.14109
55.33594
60.47513
57.73135
58.67772
54.82294
54.09327
55.6478
57.66605
59.03235
56.22377
56.55076
58.47544
60.5311
57.73929
56.26996
57.44454
55.6251
57.49178
59.48912
57.62204
62.27842
55.40453
54.13566
55.55385
56.90434
60.47622
56.67791
58.53626
58.12818
60.44585
58.51405
57.26116
57.05883
57.3163
58.30919
55.96666
53.44844
56.84721
56.57699
62.00716
59.61445
56.49192
59.62565
51.73891
54.69126
60.22951
62.2206
58.54354
54.85269
57.99432
57.00412
58.83232
60.07671
58.59263
59.73779
57.44725
57.88546
57.25843
56.46224
58.62264
55.62723
59.18028
54.87106
58.62595
57.42011
58.82449
52.69906
58.36308
58.68269
56.18706
57.7307
57.83209
60.48182
58.70316
57.2178
58.51079
52.99897
60.19979
55.68093
57.53246
61.06903
58.73623
55.40543
55.11688
59.13222
61.33918
56.98306
59.28394
57.39291
60.54242
54.64661
56.56007
57.19359
58.76129
60.81731
58.30938
56.9745
57.49457
57.20682
56.9143
59.26513
58.31296
60.25333
57.51517
57.02471
56.5131
59.44272
59.38425
59.80859
57.95385
53.42793
56.43211
55.98597
56.96609
54.80254
59.78812
54.34155
55.7391
57.84972
56.09114
58.17728
60.44148
59.27939
57.71836
58.73163
57.97223
61.02343
59.76875
56.38682
52.49947
60.22309
60.20565
57.51825
56.87404
55.23862
55.4014
56.80439
56.65072
56.14654
58.08824
56.75887
58.50988
56.62306
56.93785
58.73502
53.93749
56.08393
61.02153
52.81582
54.72071
58.11472
57.3738
54.44231
55.42467
55.85066
60.76204
58.83713
51.81923
56.58734
57.82814
54.84213
58.37117
56.93305
55.47616
58.69911
54.86478
60.22152
60.10613
62.75431
54.1727
59.03783
53.63258
55.68557
56.22357
56.19644
55.51298
57.15646
54.49306
54.54929
60.81644
58.42311
59.00856
54.49568
53.59488
54.86
53.56997
59.75059
59.27606
58.61714
56.68045
57.19946
57.28645
59.17481
54.86001
59.21925
55.42158
59.23375
58.93857
59.47458
57.05045
58.50148
56.1738
58.74961
59.22009
57.86487
58.73625
60.37858
58.43847
58.12089
56.16885
55.17432
59.18078
56.84105
56.92044
57.3088
54.43141
57.90587
57.3041
58.33075
54.83404
57.02827
59.5192
57.45654
55.50408
61.69326
57.68496
60.74163
55.69882
55.24045
60.55902
61.14919
52.00975
61.8527
58.42236
57.91227
53.21156
60.07447
55.89425
54.74955
54.95278
56.33417
57.3173
60.65857
58.65956
55.20652
56.80049
54.6538
59.73993
60.25505
61.52867
56.04811
56.31147
56.38966
59.66577
54.42817
60.56012
58.92117
55.80138
53.80746
59.22358
58.55008
57.00089
55.0068
58.21874
57.24698
59.16087
56.24999
54.33067
59.81242
57.75911
54.45443
61.82225
58.26581
54.33208
60.46985
56.90562
58.52315
56.30888
58.4926
57.23208
57.68773
54.44258
53.75527
58.03964
61.1785
55.05801
57.99554
56.527
57.97231
59.77402
59.66671
56.95052
56.57349
56.37444
55.07712
56.82315
57.77104
58.44931
55.59301
56.85311
57.09155
58.02803
57.61007
58.43455
56.60387
59.02624
54.64274
57.37872
54.72771
55.71125
59.44161
55.14333
57.80604
53.7774
59.48512
59.80213
56.75426
58.65728
59.65054
59.69017
57.30344
52.86633
54.33374
56.88289
58.07646
54.84407
55.49523
55.7214
53.17716
56.942
56.23388
55.17973
55.96993
62.45219
57.64865
59.19271
60.79721
57.75562
56.65108
55.76497
55.50771
56.76655
59.7405
56.15108
55.76696
58.44796
59.43221
56.96173
59.76961
60.25891
59.01048
58.76413
55.61646
57.28515
53.86488
55.02404
60.34748
54.66614
58.39231
55.6698
56.44269
58.34411
56.1327
56.26332
59.35335
56.05072
55.59969
56.00253
58.13928
59.78223
58.12967
57.79693
58.72989
55.1882
56.3018
59.88881
57.34331
57.20537
55.63257
57.29784
57.08284
56.09963
55.29626
54.72652
55.778
57.71071
54.78323
55.94962
58.55367
55.21645
59.14005
59.75058
60.38678
54.16709
58.69509
57.80956
54.84479
55.54239
61.46461
61.42243
55.83447
56.04211
58.24464
57.10231
58.36182
58.19674
62.00792
57.06648
57.06721
58.60771
55.51137
57.19705
58.63608
57.08994
62.3548
60.79945
59.43023
60.13666
55.61723
57.11641
56.55178
60.11215
57.93539
56.0031
58.05027
54.60257
56.60851
59.09119
57.26338
52.9045
55.14849
57.03792
57.10623
59.35722
52.8838
56.91872
56.9384
55.34138
57.55341
55.34521
56.49998
58.29929
56.14951
57.17864
56.8771
57.69791
57.02297
58.71454
59.19103
59.19737
54.72459
54.79283
56.9384
60.29413
59.83192
60.40958
56.38571
58.59955
60.41804
58.49176
58.29891
58.82954
55.42543
55.09563
60.56249
57.38962
56.18996
57.87053
61.75954
56.35293
58.88787
57.25851
57.51984
61.37739
55.45042
56.06493
57.09365
53.95872
57.96025
56.76972
55.78928
57.42685
55.71247
54.6352
56.66885
57.40959
56.16039
56.34501
58.06875
54.9244
59.22007
55.42117
57.56487
59.00986
55.02452
57.33188
57.07828
57.75005
55.248
57.85359
57.49664
57.95696
56.90165
58.14372
58.18051
54.54462
58.1724
57.97397
59.02647
59.43478
62.18576
52.87063
54.25764
63.1027
58.20002
56.0666
59.02075
59.05165
60.73596
59.08491
55.04038
57.83492
62.2712
55.50479
56.13413
56.04096
55.08333
52.32806
58.64722
55.58587
54.97864
58.15028
59.00321
55.27211
51.02212
57.06395
55.96725
54.29642
57.61037
55.03304
57.90693
56.7714
56.32257
56.8028
58.27908
55.79311
58.14522
60.76673
55.19626
56.77027
58.71072
52.97874
57.20601
59.9055
54.43257
59.6431
60.88317
59.75918
54.75419
59.03766
56.53704
57.19003
54.7334
60.93027
57.05133
58.40931
56.69738
55.62611
58.25381
57.3097
61.51733
57.24622
58.26184
55.33874
57.42906
58.59127
53.56364
60.03033
53.69222
57.66485
56.97408
56.49873
56.83437
57.04072
58.35978
57.36302
61.27464
58.65364
52.57238
59.05665
55.91539
56.31593
54.97076
59.8046
57.40365
55.80458
57.36169
56.08598
55.07213
59.68627
57.81882
54.70849
58.11
58.11621
58.12248
59.64028
58.20728
56.77955
59.93528
57.28033
57.76927
56.14964
56.47374
60.75635
57.34092
55.20851
55.98157
59.77373
58.18342
61.10915
54.16185
55.46047
54.97212
56.63579
56.65028
57.47383
55.60276
52.99822
52.87362
59.10391
59.74105
56.25631
52.89393
57.5509
55.84239
55.36989
55.43632
59.61095
53.03348
56.84336
51.00491
59.4234
56.26799
57.84345
59.70015
54.86735
60.03302
57.62041
59.83111
53.70769
57.32924
59.28502
57.17965
55.88954
56.73729
56.6041
57.8192
55.98947
55.16692
57.35537
54.85656
55.28859
58.83049
57.74703
55.75525
59.73701
57.96623
56.48291
56.67336
56.61263
61.46549
56.41241
55.43047
52.51064
56.20434
54.48895
58.20205
55.53045
64.60768
56.45301
56.21773
57.13089
56.77599
58.02468
56.75733
54.59543
53.1405
57.70989
54.5004
56.86051
56.44878
57.21816
56.62402
54.87286
55.56218
58.59507
55.10276
60.34863
57.5744
59.92587
59.65799
58.00244
53.5242
57.06733
53.83631
55.34023
61.25902
55.86865
57.50683
55.31826
54.46165
59.96223
57.21354
55.9952
59.28714
59.59436
60.39648
57.19612
56.6312
58.92294
57.94503
54.36302
56.1603
54.76228
54.40344
60.63569
55.84293
57.64376
58.98705
57.24764
55.90165
58.46378
57.30803
56.90751
54.61635
58.69606
59.27515
56.39909
56.73096
56.14157
54.6112
55.74255
55.72495
59.66345
53.16416
57.47065
54.4306
58.076
55.22676
59.22015
59.51789
59.92908
56.99038
56.45521
59.29796
57.53731
56.08884
54.75834
57.8319
58.80198
57.77238
59.47311
55.91478
56.8152
57.34593
57.16769
55.85961
57.28327
54.90739
57.57395
60.13733
55.87819
61.40205
54.48085
57.68631
54.51125
57.98906
58.10234
55.21291
58.68976
55.82755
60.95293
54.49442
56.02315
59.936
57.33748
61.26813
55.71959
53.82474
59.51103
54.40857
56.16622
58.08412
56.26151
57.84409
57.1048
55.99971
55.46202
55.05917
59.62334
59.5799
55.27117
57.79447
55.9752
56.47241
56.49638
56.40771
57.74662
55.19439
59.95799
58.93624
57.45718
60.24244
54.22509
55.27056
58.61345
59.25098
59.63836
57.38329
56.94867
57.65536
58.0071
55.86081
56.84438
59.14485
57.10923
55.57219
59.65503
58.38501
56.97033
57.79175
56.50543
55.81225
55.52464
61.10522
56.03782
53.57024
58.96117
57.24613
53.96683
55.6229
58.56116
56.8555
58.3689
57.59811
55.34685
58.33683
56.62489
55.4058
55.82224
54.29409
59.40589
57.41899
56.03597
58.69593
59.77969
57.85739
57.14915
56.72993
57.35559
57.21503
57.93183
58.41227
58.51606
53.76434
55.73506
61.50667
58.80177
56.38539
55.15982
53.95273
56.74662
59.13318
57.66189
56.1005
60.81676
54.75472
57.54192
58.52812
55.08415
59.36319
59.20887
59.83743
57.93755
55.06057
56.05222
56.74496
56.94346
56.29331
54.86276
57.18145
61.16547
56.70925
56.283
54.87723
52.49915
53.78206
57.66818
59.30614
58.98171
57.90946
59.34468
55.19338
58.3576
57.49774
53.45573
58.32544
56.78357
56.52716
57.31365
57.34605
54.30544
60.55119
58.17023
57.18496
59.02859
61.69713
55.83941
55.66197
56.17839
57.00568
56.78812
57.91027
58.18504
60.62437
55.21459
56.19445
62.7523
57.94059
55.06944
57.45389
57.51966
54.07551
57.18462
58.63819
58.43556
56.10627
57.30564
61.78007
61.02179
57.92131
55.72697
56.6106
58.25495
56.01084
56.32408
57.66763
57.39612
52.28509
55.01008
59.71885
56.88479
56.57201
51.52191
58.86351
59.74885
56.54541
58.67198
56.47172
57.18229
58.76064
59.96917
56.59075
58.24563
53.72595
56.13115
56.68965
59.6817
59.86442
56.07007
58.42614
55.42526
53.50552
53.97705
61.17531
56.76981
58.15907
59.74066
55.12931
55.47452
55.76108
57.71717
57.14501
58.44049
56.47713
58.20978
60.1998
58.33707
60.11419
57.04436
56.87079
59.46721
59.96074
57.77869
57.85638
56.64259
56.82872
56.00287
54.49141
57.47348
59.99132
55.86746
55.27801
57.81314
60.41423
57.69741
60.30665
59.86735
55.78195
59.92212
53.64075
56.47341
59.3912
61.14682
58.04001
58.31947
57.37078
61.90968
58.88964
58.32186
54.2447
58.86614
54.79775
53.90976
59.33463
56.66095
55.06451
61.14324
55.07244
56.50007
56.07151
54.63793
57.41159
62.27481
55.4917
53.30768
56.35595
56.46385
57.86965
56.82917
59.71041
58.0954
55.27528
53.61107
58.33831
58.65603
58.23568
56.03562
55.63471
58.02429
58.87581
56.57964
57.23103
58.56674
57.38318
59.20921
61.82974
56.53613
59.62085
62.56707
54.86588
60.87443
61.07925
60.4715
56.21871
55.51735
54.46594
58.69147
54.44422
57.03921
59.12223
54.05364
60.87751
57.94092
57.21709
60.3244
54.53674
57.24708
56.04964
57.25141
56.54676
53.85483
56.6261
56.94978
59.37406
60.00614
55.98054
59.55942
58.7558
59.43505
59.18005
55.0397
56.02354
60.69844
56.99178
57.0156
59.54629
57.46291
51.87012
55.81395
57.07249
57.32885
59.10726
55.36722
56.75703
58.42489
62.26989
58.57026
53.58855
56.65616
55.28687
56.87147
57.38573
58.08193
55.49152
57.74215
61.25373
58.64017
58.60702
58.81921
56.23649
55.40239
61.52632
54.31665
56.6281
61.08375
57.35378
52.66002
56.63033
59.0871
60.59278
54.03741
59.98474
57.72037
59.63828
54.78937
63.25726
54.7838
58.18975
55.38365
56.73998
56.71469
57.88399
59.96481
57.49888
59.03632
55.45527
57.55071
56.20384
59.86442
55.76207
61.66165
58.92088
58.43079
61.58377
58.20212
56.55305
56.78793
57.1188
54.18691
58.3587
60.01934
59.20203
59.39418
59.09594
57.48364
58.05407
52.07499
55.63284
58.86455
56.08861
58.80144
57.95201
56.2355
57.10862
56.24857
57.34032
55.71642
57.15518
58.29343
56.0649
57.71344
59.28073
56.74614
53.99273
60.07906
59.44567
55.89919
57.9142
57.82609
56.12236
56.61732
56.49429
56.81363
58.51994
52.53457
55.006
54.55394
57.31295
58.69146
58.52607
53.96556
56.84311
55.49782
58.34592
58.82327
58.10468
58.95253
59.93465
54.01663
59.74511
54.60296
55.45246
57.81317
59.38859
55.28367
57.79428
58.13666
56.1234
57.99669
56.17047
56.51621
57.05911
55.06922
55.45866
53.65847
56.7945
56.21294
57.97824
55.74179
57.77078
54.3201
52.62149
53.7952
58.67659
56.33711
60.77616
56.04923
57.85184
53.61095
55.77036
57.62328
57.6432
59.4096
57.02275
59.65497
59.21659
59.7575
59.61662
60.80328
59.24887
57.72035
56.50019
53.05735
54.53609
59.17312
57.13023
57.50628
57.09639
56.62067
60.47076
53.22849
56.00615
55.67314
59.58304
57.26051
58.79955
58.52988
56.48177
58.7742
56.98615
55.28833
55.07365
55.88444
57.14642
61.59076
59.00508
57.34992
56.82438
58.5536
58.70764
56.61282
56.40735
57.44376
57.19536
57.2946
59.59875
53.90421
54.80325
57.08609
57.00355
64.19145
62.7051
55.73936
59.25744
53.30853
57.45635
56.22636
56.10981
56.69978
55.03109
55.50843
59.12335
58.15697
53.4637
54.75008
57.42418
56.66806
55.63566
56.15373
59.38577
58.5385
55.78743
58.16359
56.52409
52.07015
56.83317
57.179
57.40005
59.33535
55.82761
61.56692
58.77357
57.14044
51.3971
58.52708
59.11709
58.74408
56.20946
53.29434
57.79483
61.06208
56.17452
57.23801
56.80432
55.88337
58.05922
55.79043
56.42562
54.93143
60.80404
57.16427
60.11638
58.98461
56.97745
56.0177
60.02138
60.77938
58.88161
57.739
55.55186
60.54799
56.993
58.81233
59.36273
55.4667
60.16862
56.35962
53.94883
58.97795
56.48432
56.47892
60.22832
58.9528
60.32105
55.67021
58.9194
58.43961
59.40797
60.19353
59.27686
56.89014
56.84275
61.78168
62.53456
54.67431
60.05137
58.77259
60.68154
60.53966
56.12591
54.94383
59.39436
55.08024
57.50235
55.66798
59.67366
59.80958
60.74622
58.75658
55.21031
54.51182
59.37752
59.50282
55.52153
56.79422
54.43777
56.32244
61.5944
58.27853
55.54008
53.14949
55.1139
58.33341
58.98553
56.19789
55.83074
61.27756
55.40563
60.04003
56.20151
55.67493
53.51929
57.2931
55.20748
58.98711
57.55022
56.58204
55.60385
58.824
56.35011
53.97879
57.27281
59.02626
59.82737
57.28122
59.6372
54.20888
60.71678
58.59513
57.00987
61.35022
58.33961
62.7914
58.43435
60.42487
65.56955
57.90039
57.77088
57.95559
57.59707
61.46439
60.49953
58.98189
56.99183
60.05444
62.24409
58.607
58.37161
56.06882
57.63921
56.58025
55.55179
57.06427
63.93972
59.22882
57.05016
58.57518
58.02573
57.88149
57.01101
60.163
54.63853
56.26509
58.21564
60.28982
58.49674
57.48932
56.67352
57.46611
55.69406
60.62993
58.31653
57.35405
57.97576
59.78524
59.33823
59.25141
58.49094
54.98998
61.7297
55.1542
58.54236
57.60572
59.0554
56.632
59.23661
60.16915
61.61566
55.07203
59.78434
57.34621
56.94929
57.84863
56.56195
56.66562
59.28465
56.37482
55.46753
57.70542
55.55888
55.13714
55.76143
56.92004
52.13012
57.87754
54.45352
60.10966
57.02568
57.28094
54.07842
59.82018
57.84798
58.51683
57.6665
61.08648
57.59903
58.23326
61.40758
59.46607
58.53062
57.41241
56.72527
56.67035
57.98174
58.07697
57.13228
57.54455
58.76857
58.95393
58.76818
57.69842
57.72577
57.33012
58.54167
58.14167
52.36587
56.27504
56.00676
53.7098
56.51589
55.42389
58.93043
58.41577
57.1212
55.56505
56.94868
57.39865
61.65074
57.58099
57.1492
56.83412
58.13061
56.3781
61.61059
61.81962
54.65174
54.97311
54.47938
57.2153
58.40598
58.29143
58.58256
60.1639
59.92574
56.145
55.85774
57.43987
56.84257
57.81555
58.70396
55.84184
56.03708
57.96277
57.16161
56.56089
57.1116
59.49526
57.08313
56.30312
56.97707
59.27132
58.25405
57.16059
57.7296
57.1648
63.18097
57.68641
55.48037
59.44661
57.82733
60.68658
59.30791
56.5904
55.42405
58.50978
56.99484
58.97686
59.01515
58.45129
56.66204
59.54543
58.45198
60.37855
63.28446
54.8935
57.90126
60.31758
55.26495
56.09516
56.21441
56.94153
57.72387
55.49917
57.36161
57.68387
59.40221
55.65489
53.35167
61.84356
59.11637
56.61824
57.56073
58.27713
59.08453
59.12293
60.57394
55.83393
54.76208
57.35201
60.43063
55.59887
56.05886
54.8373
61.03891
52.15353
59.84875
54.97557
55.7038
57.90521
58.04598
55.68135
56.83814
55.94148
59.66998
54.72458
61.46976
59.60578
63.68437
58.86416
55.853
57.83592
56.74193
53.42893
58.47626
55.26161
54.53153
56.39812
55.90194
56.8368
57.3305
56.96476
60.1643
60.29777
60.3857
59.91772
62.11705
52.89382
58.06732
56.66743
55.42376
54.19016
60.33547
59.81978
55.42002
58.40751
56.31423
57.2066
57.26124
56.77614
60.12554
56.21455
57.53689
55.53044
61.31021
56.06942
62.29287
57.33527
60.00881
58.24864
57.38584
56.36459
60.38618
56.4564
53.97056
56.76722
52.94979
58.21592
60.38317
56.93964
56.05545
57.38916
58.01786
60.08735
54.65367
58.26512
59.58927
55.44832
60.33236
61.64914
53.99525
56.32898
57.6008
63.38501
54.25234
58.76074
57.14657
55.00208
57.72019
56.53463
59.3793
53.77805
60.91989
55.24231
55.72258
58.21987
57.67005
56.3383
55.37822
55.71465
56.46161
57.14974
56.69235
58.96888
56.88849
59.29845
60.88851
56.90237
57.35984
55.98931
54.95782
59.51061
54.74748
57.8256
58.63144
58.17559
62.04269
57.34772
58.56052
54.29065
58.84932
55.56557
55.6673
60.86897
57.58023
58.08835
53.87332
57.93406
58.85457
57.67029
57.89048
53.69932
56.25415
57.63445
54.4827
54.74076
55.92905
56.02653
61.52305
58.23359
57.1375
59.34936
56.6578
60.71508
59.72825
53.78683
56.85285
54.52682
56.6267
58.72797
58.66329
56.84611
56.89455
54.32158
57.25481
57.86126
57.79751
58.32262
59.2555
60.44045
61.48185
58.15566
54.77467
59.28749
53.97718
58.5249
52.15187
55.68536
55.01511
59.60052
56.16359
61.1534
58.19601
57.54708
59.20709
59.32691
53.30851
58.92341
55.97089
56.45255
59.04841
59.22381
56.07752
61.07566
58.77835
58.24325
59.33819
54.9575
60.06175
56.63843
57.28188
56.38722
58.13043
58.86385
58.16925
61.27373
55.73135
57.57813
57.14516
58.16447
55.33478
58.39943
59.53267
56.92531
56.01068
57.07561
60.30924
55.85164
60.29702
57.57729
59.16335
59.78203
57.31724
60.22882
56.74103
53.58884
58.68759
57.56728
57.83516
56.41476
58.90561
57.85207
63.38548
53.17816
56.32459
60.75799
57.34459
54.9067
57.35656
56.73451
61.84104
52.99608
58.84493
58.92668
53.00823
58.17176
57.61391
59.91108
58.4505
56.06443
58.26676
56.31909
55.78548
56.64236
57.06709
58.17528
59.23819
56.06509
58.85788
56.5343
60.37246
60.33539
55.9317
58.49525
57.79555
59.14452
58.24237
59.91148
55.3315
56.67502
62.03558
57.77576
56.25821
54.17809
57.29087
59.39289
60.70157
56.8424
57.2346
58.42667
58.05005
57.99088
58.08479
54.19957
61.54624
56.34916
56.43939
53.87118
53.31654
57.57583
61.08017
56.87789
56.42744
56.81295
57.39529
58.02255
54.46113
58.20109
55.57999
55.06397
60.0228
60.30054
59.15846
58.15964
59.52581
58.96337
55.58364
57.57043
59.93179
58.75549
57.67426
57.06388
56.0449
62.50419
57.19426
59.42606
53.65196
56.40786
54.69474
57.59308
60.18653
55.34208
59.45569
60.67077
52.22043
56.10325
57.07554
56.05533
57.05111
57.31436
59.76056
59.41676
51.72222
54.68761
57.1754
60.2134
56.36718
61.00101
56.03205
60.52851
54.98366
57.15567
61.64689
58.5054
58.7897
60.17314
52.72379
58.08473
52.19308
57.77152
58.76982
57.15858
59.68449
54.72574
61.49179
54.31182
58.47293
57.31932
59.17893
58.55949
57.2679
59.30683
58.23905
58.4509
54.53945
56.8499
52.85589
55.3174
54.97046
56.4181
59.70041
58.80009
56.03729
56.14008
58.40452
55.35436
52.00331
58.99904
56.67528
55.72492
56.49974
57.65075
60.54115
56.80942
57.08792
58.19827
58.91523
58.1017
57.53154
54.50778
58.33891
63.38919
57.26943
57.72727
58.12097
56.80213
53.3255
57.31778
60.2391
59.95035
58.55712
59.33862
57.83765
55.69704
58.72297
57.48701
59.79525
57.54063
56.63608
58.29668
58.21192
56.68443
53.39134
52.45431
56.00601
58.34042
61.09218
53.5072
60.01463
55.75786
55.38112
55.40848
58.72853
57.84438
54.53526
56.57934
57.16087
56.54221
55.38166
56.28953
61.39946
58.64127
57.31251
57.48892
57.18099
59.21638
55.89087
61.9984
55.05881
53.73585
61.20507
57.86367
57.16194
57.07288
55.88454
55.56788
60.38806
57.78214
58.69067
57.69537
58.3427
60.22574
53.8215
58.12141
60.68082
57.88428
59.22917
55.05935
54.27531
55.53493
58.98399
56.63172
57.60826
58.70273
61.18785
60.11579
55.48431
56.68994
56.25478
55.61618
57.89498
60.46021
55.81014
60.00119
59.11791
56.60981
55.08935
58.72856
57.3214
60.08023
53.08942
55.49237
55.21372
60.55796
62.78445
56.83319
59.02305
58.09164
56.06084
57.22731
55.31209
57.09133
57.0115
60.58379
56.4398
58.8176
55.55986
55.50552
60.47225
57.80273
55.74155
55.99868
57.18772
60.09439
58.98593
58.15692
58.34071
56.94668
62.18771
57.64837
57.84487
54.5652
55.69846
53.64878
57.12148
61.07084
57.43635
57.3722
57.52998
58.94912
57.13584
58.38438
59.41153
58.20011
55.7093
62.32651
60.86783
59.25516
58.86901
58.66936
58.9873
55.87188
57.15176
57.13987
61.55629
59.00291
56.62736
57.46118
56.80536
54.30984
56.6262
57.98854
53.76585
54.91386
59.33371
52.44514
56.95928
57.97768
57.87905
56.61634
56.89436
58.44384
58.88521
55.95555
57.17335
57.57528
56.08622
57.73479
57.85581
58.51903
63.93716
57.41694
54.08475
57.41618
55.94408
57.87615
56.95687
59.17701
57.43457
56.12511
51.30165
56.24896
57.57659
60.6234
55.84352
60.79146
60.27938
59.85676
57.82793
55.66349
56.19138
55.2958
56.49134
54.13975
53.63811
58.88601
57.78402
58.183
57.94323
62.05439
56.25872
60.0116
55.23985
56.50271
58.66177
61.36745
57.34318
55.6478
58.57456
56.12959
55.05754
53.61917
60.2997
56.23368
59.24029
55.68188
57.8547
57.40882
54.1858
55.88578
57.01372
59.35617
56.68854
57.48048
57.40264
54.20959
59.90775
58.03905
56.35353
56.71336
55.49465
59.90716
60.32885
58.28043
57.94619
54.71486
56.67449
59.82385
57.27842
54.54529
56.79326
55.79214
57.80584
61.62515
56.67723
55.90325
61.92183
59.63474
59.87905
57.70821
57.77488
58.42919
58.53105
59.49112
56.77803
57.25353
60.05723
58.26747
59.72319
56.7072
54.88584
57.42591
57.33762
59.13527
57.49677
55.50603
58.47611
56.5013
55.70713
58.78769
54.57665
58.87238
57.41774
59.54158
54.6428
61.51394
57.14655
62.9744
58.16571
56.70433
52.20066
58.07809
57.61165
60.22802
54.24421
57.25143
57.51927
58.17704
57.80714
55.55511
58.03452
62.35542
60.00333
56.0959
58.9239
56.67638
58.90893
57.2873
57.5276
55.62791
54.04137
54.37201
58.31637
56.21694
60.16311
59.48888
55.41287
56.96496
55.76819
58.11023
57.67399
57.81736
58.65945
57.15425
57.71104
55.48333
58.15635
57.56483
54.0626
55.42648
57.96884
58.32605
55.73826
56.08943
60.85478
60.35018
55.7638
53.12945
56.69961
53.71933
57.91226
57.25334
59.0267
54.67889
59.49083
55.41471
62.61523
54.64688
55.29541
54.78194
55.71043
53.93869
60.03319
60.42427
54.29484
57.47667
58.53191
62.23478
58.71892
57.11754
58.0351
54.88485
59.0039
56.18165
58.77021
57.23753
56.38206
59.10887
57.18174
55.87831
57.26959
57.04393
55.31769
56.92456
55.60737
57.8403
55.9808
55.38085
58.97646
55.25607
55.17251
57.42585
57.72819
56.65955
56.54105
56.087
57.71782
56.40063
61.99203
60.46157
57.07094
55.68003
59.07232
57.8594
54.8798
59.99163
56.53423
54.30653
61.68957
60.79214
57.59188
58.5229
59.57006
57.14829
55.4565
57.77138
59.66494
56.09902
58.71543
56.43596
57.87878
55.85369
55.86532
54.85709
55.79443
59.96434
62.13131
56.07327
56.50964
52.46862
59.88467
58.28195
54.13353
56.81726
55.72223
57.61475
58.32865
56.09664
58.97314
56.58194
54.861
55.3491
58.74107
56.6896
55.21475
61.02446
50.72068
51.81863
61.37638
58.56402
58.44298
55.8898
55.50685
59.01921
57.79396
55.69911
59.05028
55.59793
57.52328
55.12228
56.38773
55.34021
57.00411
54.94215
57.92702
55.23624
57.21308
57.48572
56.62249
59.22869
53.5386
55.3831
57.49136
55.07336
57.87547
59.20009
58.74059
55.10196
58.64818
55.92202
59.99944
59.23561
56.54717
61.19751
60.00457
56.03171
58.7907
58.16531
57.68829
60.80397
58.68806
59.66724
55.93699
57.82515
