1151.446
1354.357
1311.768
1732.634
1399.02
1447.849
1345.453
1382.846
1168.487
1599.541
1490.604
1165.2
1561.303
876.3191
796.342
562.2259
1000.999
1069.859
892.9534
979.8041
851.0353
479.1733
488.703
464.309
763.5881
872.3148
737.5845
471.0137
786.0469
704.1127
893.0796
922.7049
797.214
964.969
843.3833
1091.691
1128.824
773.6149
925.3159
739.3184
601.6444
639.9666
780.8865
986.6843
556.3354
692.6854
766.5554
816.8864
755.7711
968.9611
993.2964
702.9246
705.4707
562.4722
424.8689
332.6026
398.224
377.9728
387.8952
527.0944
999.6276
767.3613
512.1695
611.677
716.4561
912.8622
1301.298
1144.462
1058.897
1025.89
933.1416
884.6333
1084.318
817.3265
1173.244
1160.83
1236.215
806.1284
774.2611
794.3064
1017.24
733.5911
588.9266
649.2302
526.7367
643.3289
1137.669
1203.796
1321.771
1114.159
1182.894
875.1055
976.3173
1126.006
1120.437
1217.741
1437.558
1795.401
1755.177
1212.54
900.5457
1299.713
971.7596
1021.091
942.9367
422.3863
562.1923
603.9525
897.1291
1314.676
984.0075
853.8438
643.7143
592.1844
857.2487
733.6039
586.2726
516.3949
666.5969
894.8071
765.1112
1208.911
1226.5
1156.822
1048.224
899.8823
1033.676
983.0826
935.2652
843.3405
833.8998
803.5722
926.906
671.3993
910.924
682.8656
620.8935
609.8611
752.8928
551.7011
795.7449
920.4128
713.4195
757.2026
661.8166
737.5132
582.8443
925.1359
882.7204
696.7742
726.4611
897.2565
764.3284
517.7106
703.4235
978.5182
850.1837
1285.031
1364.457
1273.698
763.4867
568.3168
521.4782
662.476
588.8247
793.9723
871.5601
884.7211
828.2913
875.5612
666.9745
889.4342
980.3789
977.0099
980.0073
1193.986
1065.457
943.5932
641.8509
801.8503
1380.091
1530.595
1535.914
1089.75
1099.428
1080.574
1315.891
1004.068
1318.365
1287.065
1614.275
1523.994
1196.498
1208.655
1037.782
1078.637
729.6628
661.3354
1046.364
648.5764
650.6325
608.1367
471.8884
508.9295
465.1291
522.7037
478.6248
627.2222
619.3886
886.0836
1030.981
849.097
1206.802
1209.093
902.4043
1110.758
1145.255
928.1412
1130.893
1203.648
949.7704
765.3865
997.9158
854.1268
727.3362
909.3959
1273.864
1557.077
863.4162
897.1865
754.5018
1060.651
1061.53
1014.72
770.7848
794.4658
749.0541
544.8145
575.0512
803.1351
852.3143
883.3101
815.1478
919.3022
951.4702
913.7719
987.7738
780.0008
547.142
735.7492
629.8738
771.2751
907.5745
552.8471
825.1765
563.4404
543.5949
843.4976
1036.3
1110.836
1232.356
668.3626
524.4386
504.7858
606.195
482.9626
702.5363
925.4643
839.6075
1314.559
1153.618
877.5352
803.4774
981.0339
900.7675
736.1748
992.3073
917.0279
684.9039
1122.238
1061.071
1183.309
1246.665
1233.103
1287.935
1223.787
1011.51
825.4739
1049.712
615.6971
591.8836
849.2703
1052.378
760.5149
1204.215
1197.83
1249.644
995.8034
854.3409
946.6896
1366.682
1056.988
993.2501
1103.625
851.1266
746.9739
663.7297
831.9385
724.4739
841.7546
890.7751
1018.673
1007.97
885.5352
1261.967
1098.252
1182.153
1228.269
1199.353
1433.226
1130.566
1157.119
1256.184
1036.204
718.8736
794.6645
678.3426
510.3655
965.0337
875.9927
788.748
758.5091
752.6653
672.3266
522.7072
499.4175
839.3294
923.752
917.4471
706.1911
871.2236
1170.182
1320.977
1039.651
1621.366
1371.538
1219.113
904.2403
744.0823
889.0171
803.7197
1533.242
1098.958
928.2125
1162.02
934.5784
1064.745
1004.664
1181.443
1022.486
950.5344
705.3794
857.967
699.5439
757.9075
770.2386
794.2656
651.2226
644.5225
576.1922
713.7081
975.5885
1003.501
868.9711
1018.473
842.6545
987.8982
921.9663
885.4318
1149.776
1279.273
1079.447
930.3607
790.1501
1112.665
1076.275
836.6859
1015.345
1011.677
782.3019
998.4836
771.089
1036.923
967.7953
687.5788
935.0699
1115.522
1011.03
1560.962
1937.874
1072.929
1263.663
974.0765
1131.207
951.5548
1119.324
953.9454
1050.705
901.0038
1419.056
1592.433
1646.173
1392.071
1558.452
1278.626
795.4707
819.908
649.8133
555.4904
651.6489
734.1631
755.0225
1080.628
818.4364
1238.737
1497.465
1350.053
1041.727
1444.301
1550.027
968.0381
941.8893
685.4672
1082.923
991.0374
1087.063
1047.304
1400.924
1097.627
720.6045
875.8573
770.9403
758.9973
777.3629
683.2984
706.4574
611.486
730.6879
662.3786
561.6109
748.248
954.9337
762.91
642.8717
553.7758
604.7007
518.0742
806.5378
922.5959
590.6457
468.3375
627.9979
802.9937
677.4617
977.5191
687.7826
1005.811
951.3496
679.2044
534.6241
683.561
788.0972
918.2595
1168.217
1430.384
1123.571
723.9151
829.7943
1143.414
1026.941
1136.735
1224.604
879.5139
1114.628
758.6428
1007.017
1378.308
1075.467
917.4196
639.2763
558.4741
721.2286
763.8787
825.7935
673.769
640.2647
662.2281
815.3468
712.3218
834.9481
1071.684
1058.441
1258.727
1197.119
1034.216
1155.712
1120.008
1117.451
1199.867
986.2476
968.075
723.7901
802.4714
698.635
1159.92
633.612
603.0324
587.6609
560.6913
839.1164
1050.4
1197.675
974.243
598.8051
848.009
882.2796
1024.034
913.1027
759.9837
631.8643
571.6305
659.9079
297.6785
516.1918
687.0727
646.3317
698.2832
613.1357
458.5477
555.9668
670.1977
784.003
1151.646
728.4324
756.5295
805.083
850.401
785.3653
736.2605
790.2193
507.4681
652.217
871.5393
1382.812
947.5157
792.5559
780.2271
978.538
1020.901
883.5264
961.0331
1106.522
919.8495
895.0076
724.6118
1066.498
810.8743
957.3331
862.1734
1003.198
1223.662
817.0175
703.0527
700.9731
826.2623
987.8284
867.9352
722.2974
742.5925
937.0307
826.9838
1170.72
1086.229
1165.561
1137.41
1040.936
1293.74
970.7201
929.2579
868.8458
714.8399
1200.333
1095.918
1253.952
1099.195
1302.981
1092.31
758.5231
889.6961
955.8553
1098.928
852.2323
1079.14
1425.108
1289.16
1669.667
1072.148
953.9471
1124.015
964.2632
959.483
857.5201
1075.088
786.8188
514.1375
657.472
944.8914
950.396
998.2645
1011.823
749.5753
576.1009
998.5418
689.802
790.6855
854.9261
640.7886
818.5764
846.8114
721.5951
846.0608
781.5391
650.9315
745.0564
926.4575
725.6214
610.8508
714.3862
705.1523
1026.844
1204.715
1256.05
1340.701
1025.846
1149.85
1374.197
1449.535
1088.667
961.5119
810.1562
582.2175
537.8215
562.4455
462.0201
534.6164
635.1425
595.9549
643.2558
750.8394
832.1846
872.016
1011.084
782.9392
659.6829
904.3964
686.056
647.056
417.5763
471.9577
365.6215
627.7677
600.7525
1004.939
1203.446
1054.268
947.4849
966.2153
1064.094
803.1528
977.1031
1075.307
742.9949
731.1146
875.9702
1005.359
1093.82
1300.633
1103.616
867.4768
821.2188
601.5192
669.9201
913.7705
608.1601
581.8101
557.9584
420.795
545.8072
525.3224
459.2536
616.7684
856.0625
910.9506
786.6852
901.4276
575.8691
608.205
616.0327
460.523
377.44
490.8794
832.5895
1107.524
1283.447
837.237
906.4405
825.9905
1177.419
973.9465
995.2814
1204.287
1353.457
1060.158
980.5269
927.8381
790.3681
791.9706
539.8139
734.3957
897.7187
840.927
683.0421
676.0096
769.379
589.4793
1185.689
810.2049
753.3246
636.8564
824.4911
682.3916
820.0326
978.4312
988.6914
844.7371
782.4975
1138.415
806.166
874.5738
1205.473
1306.278
1199.824
842.2884
985.9791
1221.417
1093.077
888.4015
862.0007
1096.607
1035.991
942.5411
855.2294
1058.982
974.2747
907.4415
1292.421
1152.815
1592.853
1128.488
847.6379
771.8861
691.7339
829.4855
1224.792
732.2481
642.1922
1007.67
605.8685
659.5361
722.6545
642.4803
1129.013
932.9447
826.7592
961.208
947.8189
1370.738
964.4317
1247.61
1486.131
1322.212
1013.839
1025.676
824.7628
780.97
718.0003
729.9495
706.2939
569.4427
885.7396
903.4786
1092.095
979.3523
950.3857
909.3313
952.4372
954.0058
584.415
649.7532
533.9795
822.9965
616.5931
867.1815
897.8002
868.9061
601.4319
579.1344
802.8553
645.3567
854.978
1055.153
1051.002
1228.977
818.2868
998.4685
1133.23
810.9723
673.0634
734.6232
903.961
742.1616
886.3514
667.7656
934.2558
911.4928
1022.856
1257.612
1285.909
946.2693
1021.62
1080.505
1100.865
901.0139
869.976
979.336
1069.405
1057.865
986.7172
914.9814
1088.526
632.1889
562.0851
499.4391
265.2558
469.5758
724.506
1157.37
871.4948
596.6632
824.4543
703.4933
706.4342
760.7348
736.6983
811.8274
874.6108
1001.259
910.1859
1009.493
1014.936
571.6281
628.847
764.8864
822.6135
578.7952
848.6646
617.2217
648.0281
774.0204
847.1716
637.5422
778.103
995.5536
595.8466
630.734
472.5117
747.3596
775.2974
670.1557
846.9178
1325.345
960.9219
505.3769
359.0683
322.5936
655.9679
762.982
654.4881
648.7885
561.3757
365.5484
377.5506
524.529
488.6008
588.3129
578.5197
510.59
672.4331
956.2573
1208.544
1313.342
1654.865
1116.636
1120.488
911.6546
1047.641
1148.488
857.1874
925.9253
526.816
482.3869
439.4112
557.9969
732.4787
817.5762
506.8634
515.5414
422.2498
609.2338
1091.776
840.6522
478.8837
591.9967
585.3082
894.4432
753.8826
895.1469
707.2534
884.1125
877.8601
665.983
778.6247
1119.942
1190.301
846.5656
1115.235
903.6686
782.2375
824.8853
547.9508
396.751
395.925
579.8644
507.2871
704.5613
815.6629
976.1671
787.0601
1276.474
1269.328
1177.606
1209.599
849.5294
1318.755
1472.892
1105.153
926.6149
1108.04
1059.799
1021.644
1106.974
805.3422
905.588
930.9095
995.7257
1123.125
861.954
830.1119
1110.458
971.736
1327.887
1194.514
1114.964
812.4425
930.0888
736.6061
830.0278
795.9774
965.0568
1153.845
1054.861
1154.3
1435.84
1357.695
1037.048
950.265
852.9505
829.3654
1094.971
1364.989
1540.138
960.2454
944.3378
1010.092
925.6315
1253.118
939.9513
771.4881
1087.627
1372.163
1030.068
1077.448
809.3557
990.9753
835.7383
913.0792
832.3878
1228.736
899.4687
1139.526
942.4754
627.5031
553.0132
840.6837
851.6448
658.6903
700.9282
821.7126
903.5595
1072.968
907.5905
889.1087
1267.94
1080.643
1209.493
801.4607
595.9611
782.4016
743.4818
1120.108
1180.222
1045.694
1312.658
1523.161
1265.844
944.3536
821.3849
644.5141
1027.239
1224.542
928.0974
649.8442
789.8988
503.1416
625.8625
682.0948
658.3992
1134.05
694.0219
926.9906
713.0123
771.5088
747.636
1180.111
877.4621
947.0428
1072.047
714.852
715.9925
771.844
1004.34
1837.464
1210.664
1253.326
806.5553
845.9855
527.9791
527.0503
589.2246
612.3308
960.6901
505.9461
414.3425
596.3884
586.1235
472.9232
676.4706
597.6966
584.5068
647.5302
578.7483
638.4062
851.8186
537.7807
735.7617
717.5323
806.9783
717.4414
907.4183
1200.232
1105.928
1250.632
1273.083
1080.737
740.3739
756.1088
684.841
567.774
783.7947
846.2724
890.8257
1002.168
1250.495
1546.239
1080.226
1287.568
1236.203
1117.7
743.4992
864.6816
925.8052
1155.012
1209.014
1414.524
930.215
837.0356
634.6785
990.68
889.6929
1095.373
1004.194
962.9058
842.814
701.9401
933.6023
970.5673
526.6748
673.5238
921.4922
652.816
796.8468
621.2081
737.8846
730.7036
650.3488
922.8479
1335.389
887.7128
748.2027
868.6448
661.8381
529.9227
594.7693
850.9044
938.625
1008.12
760.9396
1013.438
629.1122
531.8492
483.7258
713.9441
543.0929
580.5205
808.2442
853.9834
652.7362
1006.287
1402.795
1172.027
780.6415
831.5387
694.0151
865.1323
831.2096
792.7215
771.3899
993.2753
1107.601
1102.155
1010.281
786.95
720.9719
943.7887
790.1715
1234.798
695.9639
940.5413
903.2671
1039.497
731.0093
707.6299
982.8988
1132.643
864.7678
645.1808
831.0332
758.9302
941.643
992.8346
1155.04
1110.302
1254.974
1405.921
1167.067
833.753
651.9325
700.371
607.6699
554.223
709.4414
567.3397
602.6168
814.9414
1129.955
1185.335
849.1504
750.3997
849.7075
1291.362
700.8416
713.3408
1037.009
852.9931
1028.522
791.8791
1097.087
1282.129
1335.298
1059.482
1373.625
1101.176
986.9067
804.8468
1021.167
1654.81
1270.067
929.7775
911.9512
717.798
757.7165
754.7893
637.352
878.7012
978.4162
1087.981
947.2347
1004.521
1162.69
1114.545
1441.879
984.4776
747.9484
795.6083
1342.684
1398.406
1133.298
1044.849
1510.31
1344.711
1434.942
1179.288
800.446
865.5066
1033.618
897.0977
849.1055
813.4697
734.2421
1060.528
948.1472
894.4244
1208.253
790.8212
737.9615
742.8979
402.1458
555.3259
534.2549
841
773.2471
1065.33
833.6131
650.6707
1036.643
836.3879
657.6411
854.8272
668.3639
793.3679
1012.222
932.4245
809.1224
791.1532
1123.779
1122.103
982.0211
880.4378
811.3317
714.3441
676.539
574.3787
771.3397
849.1467
1140.218
1181.316
1115.347
1197.668
993.6052
926.7531
667.8699
1178.728
1125.646
1191.512
1269.189
839.7413
1213.251
1241.613
1453.866
1102.333
1190.71
1262.282
1233.864
986.1235
1302.896
921.6088
899.7035
760.8142
611.6664
676.4704
712.1145
768.307
744.293
800.0725
651.3201
809.7607
877.0976
743.5232
919.5035
660.1737
738.1813
1087.723
885.6754
1132.962
1219.33
1424.051
1091.59
980.7647
1478.145
1084.628
1367.484
1383.969
1059.495
1030.589
1081.881
706.168
706.2941
1045.529
768.303
550.3291
682.6753
463.9987
638.119
861.997
949.482
1045.848
1079.439
1244.137
1369.809
1185.441
1429.788
1165.68
1256.14
1175.144
1017.469
962.8259
916.5773
743.8187
632.0184
796.2287
848.1718
626.6849
652.4037
768.874
1111.24
1120.62
1068.607
1099.517
1400.882
1603.72
1312.695
1402.568
1210.343
1106.106
1106.942
1130.053
1319.654
1123.05
1469.008
1165.009
1281.293
1061.137
1366.819
1443.546
1710.443
1525.154
1060.248
1259.37
1146.133
1148.755
1097.456
1514.946
1593.894
1161.6
2274.909
1377.719
1237.328
1295.618
1068.095
1487.801
1243.771
1219.266
1389.018
1067.79
1241.051
1269.824
1035.172
774.1545
918.1982
969.1312
890.0401
1352.777
1160.135
1094.745
1220.029
975.7476
844.3346
972.5264
841.6783
615.501
591.9059
686.358
629.5425
982.1756
655.273
497.8056
609.9499
1001.189
1008.643
657.5051
791.3031
841.9389
875.5706
988.8564
1039.29
995.5884
852.8366
712.4968
712.0741
681.1727
597.7751
659.1643
1274.529
1020.422
1125.397
1244.437
1262.927
1132.213
1213.701
1001.642
1023.551
913.9707
1123.776
1300.108
1222.634
1188.569
797.7889
590.3239
641.5792
983.8988
943.6129
708.2177
610.7056
553.7105
768.9911
623.9913
907.8537
1169.984
1330.464
796.4992
933.4721
616.3093
951.7251
923.4738
1094.847
887.5903
1205.111
1162.924
827.9021
1176.027
673.1968
772.2355
812.8617
1163.568
1322.868
1060.192
1121.606
802.7503
701.6731
972.4342
926.48
1340.378
1335.293
1152.796
1178.128
1165.457
1064.476
1063.333
1163.627
1190.217
964.5179
911.8197
971.4897
999.9275
537.4401
828.4281
766.1627
972.8976
1127.017
1052.682
1119.232
719.4462
769.8055
704.0184
772.976
935.6903
763.2124
595.8037
531.4436
1191.106
962.1624
1235.122
1016.583
695.9287
778.6978
892.3688
769.9515
977.9228
1198.824
1018.436
1654.363
1338.624
1061.256
1176.464
1126.103
1210.875
1642.064
1446.674
1465.187
1082.44
928.169
1622.072
1160.733
1005.455
1278.278
1198.754
786.7675
717.6281
1091.668
1152.632
1057.181
749.137
861.134
786.2193
510.233
447.5811
802.8874
651.6165
746.235
674.6997
1101.57
1394.911
1015.655
1019.501
890.4707
706.2231
593.8078
749.6759
1314.859
946.5832
1302.668
1617.839
1335.205
1820.804
904.039
846.821
576.6935
454.4796
488.3439
612.8941
928.5208
1014.428
942.4896
889.679
1348.666
1308.79
1211.025
923.2182
685.8649
729.7984
925.3433
1130.526
658.5608
525.2162
468.4367
437.3288
647.6605
754.4503
492.2614
345.9814
420.8961
543.4515
632.7313
895.2877
844.604
1282.396
1458.139
1474.108
1217.332
1130.9
1137.321
859.4908
914.196
755.7113
888.2934
814.7835
611.4513
775.3364
1086.945
1053.095
1132.979
918.7977
1325.732
878.8697
1040.375
1032.108
937.1248
1126.417
879.3661
884.6302
990.5829
658.0494
551.9432
656.2289
866.573
529.5552
511.583
459.3204
575.0341
1032.246
903.9955
843.5942
1037.869
662.4251
855.6783
660.4909
571.5717
601.6412
686.6805
581.2541
756.4695
871.0673
619.3807
1291.543
1268.82
993.9385
1314.134
1380.116
1004.128
1595.778
1328.326
1591.191
1338.118
1136.611
1156.117
1056.693
1233.635
1243.532
1203.978
1028.53
893.695
789.0321
780.1488
1323.294
1144.639
1063.066
877.2845
1064.205
1075.466
1506.967
1125.163
1087.456
1116.868
1157.55
788.4526
873.41
933.3007
1155.125
604.2734
658.982
543.4495
880.1474
819.3437
715.4039
945.4081
578.4241
639.2522
573.6538
682.5044
721.0619
823.9693
798.6432
700.9461
924.4742
715.1921
638.5108
658.5381
748.5186
851.3437
975.5558
1134.368
1064.739
915.119
1642.995
1058.361
781.4594
919.5338
819.7349
532.8625
630.3117
735.6647
697.7469
679.4049
637.6565
904.7002
1093.965
940.9991
1230.396
1272.723
943.7985
1077.508
1282.854
1187.973
917.6194
801.852
864.895
833.2128
1420.604
1294.991
1370.882
1017.528
1090.527
1183.239
922.773
1206.918
1118.41
731.692
585.7667
562.4695
941.47
726.5924
768.6429
1035.293
1060.571
881.1985
684.8446
821.1167
521.1986
592.7583
1024.447
1050.217
908.9031
1231.024
760.4846
1165.374
1094.872
977.3898
1295.961
1761.159
719.7225
803.3904
1111.395
893.0752
710.5145
1113.271
1417.016
921.9226
1083.99
1187.334
920.6141
1058.291
588.5469
333.0871
500.6712
618.6169
862.7783
942.9753
1460.956
983.8692
1067.163
1258.163
1094.646
1176.639
882.8582
942.9435
858.4312
849.1537
648.9995
676.2514
714.1785
700.9482
671.4853
1115.713
1183.12
677.8355
975.4264
868.7417
521.8436
536.8607
573.9909
564.4779
802.7548
787.6961
842.8466
821.9002
721.7927
1260.993
1224.276
1208.033
834.3705
710.1621
644.7527
945.358
1450.394
1285.684
1129.264
968.1347
838.679
833.7004
758.7356
615.1589
1025.149
718.1617
779.9159
595.4583
798.9039
636.763
829.7917
795.1595
599.5772
767.8691
1018.396
984.2221
1065.135
1186.997
835.5491
748.412
653.6688
731.2712
678.0233
1001.021
739.5319
606.4412
787.5376
646.5974
476.4722
496.1047
472.3445
554.6115
652.1995
762.5766
511.9992
658.7469
806.2029
932.7485
995.6583
1048.107
593.8001
570.8285
856.6537
696.3273
752.6259
623.6377
774.631
774.1778
580.5427
1230.652
807.5679
522.7983
802.3049
482.9667
468.1681
790.3408
1007.332
1671.402
1347.339
1168.835
758.4457
724.9466
502.7815
768.1562
714.8471
833.8084
1053.237
1135.909
849.0584
815.7713
676.2886
778.5376
815.6154
792.9084
1011.382
1048.706
877.5346
957.5105
868.3126
831.0416
971.8176
913.0983
903.639
1351.957
1426.462
1415.77
1070.083
899.1631
982.2178
635.329
585.5165
455.1057
751.1044
625.2742
544.3531
590.7464
520.3062
934.2521
971.2781
1029.494
1336.992
824.6214
859.1542
778.9403
915.3384
672.4653
605.5912
817.1702
812.9285
1135.966
881.055
1111.1
1099.607
1028.109
1037.55
877.7107
748.3806
925.9523
922.1888
1335.68
888.3204
841.9926
925.5652
1447.744
659.0212
847.8968
885.7654
713.4067
716.2778
529.3344
628.5353
733.6617
877.3379
1096.12
1302.729
1214.305
1354.43
1850.735
1334.766
1277.636
1163.134
972.6321
1031.016
777.9241
843.417
882.4661
784.5269
976.8936
767.7437
845.1308
1096.966
1165.703
827.9577
1132.743
1106.831
1245.024
773.7943
614.9519
699.8743
429.2968
509.6463
651.4652
523.0097
560.4357
501.2071
563.7907
579.6508
484.4268
522.4879
601.2239
738.7793
942.5525
760.5915
946.5143
1378.533
1020.179
925.7117
1165.551
1096.164
963.8747
979.9825
1426.186
1461.313
1131.725
1004.546
1050.622
957.0151
1045.495
936.9971
1339.909
1315.896
1376.583
1341.86
1321.348
1199.454
1645.419
1677.113
1209.515
1138.936
1337.698
1214.477
1260.869
1375.026
1185.267
1073.112
855.7699
974.2041
812.8354
555.8548
669.5053
669.3571
947.6676
562.9341
586.0392
619.9948
979.5411
1211.048
1597.73
1232.075
1278.751
1297.598
894.0958
968.5183
879.4232
644.9852
878.7224
1159.235
1256.783
1618.342
1417.681
1282.647
1098.216
1510.744
1648.328
1449.718
1016.217
974.9199
1395.086
1376.482
1143.092
940.0781
943.3771
1035.289
855.6822
792.023
1032.59
858.313
692.7954
869.9012
729.0356
1070.139
661.5543
419.1952
562.108
742.1399
625.1096
672.8432
1068.969
938.2639
1309.018
953.0212
1301.615
799.3691
1207.982
1101.414
1111.861
1116.352
1258.512
1925.718
1256.118
1442.833
973.0468
1051.833
799.1058
964.5039
1088.005
605.13
766.1755
659.9766
576.2325
488.495
678.8158
1154.496
1156.896
1476.004
1092.45
1206.09
1238.727
1142.27
1426.752
1000.971
1098.129
1275.41
1311.744
1473.767
1002.46
1172.156
1147.762
1155.999
1312.934
1178.471
1442.236
905.326
1031.649
1168.923
961.472
1095.3
1231.747
1080.757
1140.448
1024.804
1623.701
1213.983
1203.393
1703.116
1270.639
1905.147
1287.57
991.8371
675.8974
746.194
510.5541
601.7706
932.286
889.0768
1068.977
1071.069
756.3527
1264.008
764.5275
1227.198
965.3047
709.7963
688.6168
583.2361
1002.956
889.6887
659.4908
650.3546
1045.309
1073.04
959.9377
917.264
1083.865
1090.434
729.9255
825.0801
995.7905
1244.697
917.8969
969.9883
794.6416
907.4888
949.1978
1327.064
1125.439
716.0045
702.2401
754.0196
589.4685
832.6012
833.6278
1327.395
1172.418
899.2378
993.3282
1258.646
1102.654
1031.26
685.8509
654.0776
668.5062
717.6667
735.5017
1128.441
757.209
637.0614
502.8996
614.9821
1073.694
872.6974
922.2273
785.9357
652.6248
768.3072
788.0556
827.3242
517.1461
438.1208
696.9577
961.6065
986.5556
1081.345
981.6202
1125.733
1510.369
1063.358
1094.07
1045.545
966.297
1378.982
1287.941
975.176
805.5222
768.2361
873.7614
1385.067
1076.166
1259.626
1169.086
1129.311
899.7247
929.4965
672.8947
1102.002
1226.872
750.5655
1030.655
1374.945
1408.854
1193.01
941.3017
1292.357
928.5201
1076.156
1037.323
1173.271
1031.59
916.2842
1135.442
1197.261
1408.864
925.0368
1320.444
771.9838
861.8403
1086.46
757.6315
1038.211
881.3339
676.7509
1215.685
1130.193
916.7585
731.0088
557.8237
707.1219
898.3842
733.46
938.4682
1486.568
1625.159
1235.681
1133.266
1071.807
1044.655
1069.62
1000.305
793.7098
847.2266
1196.805
839.2779
636.7992
787.077
611.9888
538.8206
504.7399
668.0806
745.5252
895.1535
586.6395
793.1665
787.4334
1241.445
1263.27
1328.992
1304.93
1369.147
1296.961
827.8268
852.7196
628.8281
828.517
1121.98
881.1203
899.3286
810.6692
1001.133
1198.535
972.1697
831.9954
543.1251
568.5141
690.5113
633.5577
641.4281
1161.454
1259.201
970.4245
831.368
785.3416
489.8393
933.4787
949.2203
1187.349
887.1754
867.4583
776.3632
800.8776
685.1595
510.8455
496.8616
517.8919
700.77
804.0571
874.7149
653.3651
742.9458
798.7405
779.1143
951.0536
1005.342
961.2782
729.9386
614.5096
591.9086
734.7798
462.9801
589.239
724.7698
584.2855
468.1063
767.3432
543.3081
821.395
755.8916
820.9766
594.4542
639.2651
547.1342
582.1993
620.7388
759.7029
792.722
1094.802
782.1163
951.3316
649.7497
567.2786
994.5115
1077.821
757.2906
857.1379
792.2949
745.6118
810.5064
606.8606
802.7097
1122.113
1059.249
1007.919
1051.706
1069.821
1117.297
1091.344
878.531
1111.353
894.9312
846.9436
750.5116
850.5781
852.3789
1017.021
1097.183
786.7376
729.5959
790.7534
828.9072
670.5643
749.6489
664.7236
884.5271
1051.622
944.1595
999.6537
1129.432
873.6522
1198.558
880.061
937.2079
1028.804
1089.069
1140.477
1121.429
1212.387
1065.375
1487.05
1464.515
1141.832
1486.647
1132.791
1243.925
801.15
689.7397
703.7545
638.8567
762.4561
981.3986
1115.521
946.6856
1209.734
743.6177
675.1892
596.9375
508.0573
413.8702
433.975
518.1823
476.7699
780.3082
1140.352
1329.141
1518.963
1187.422
896.195
729.3193
731.634
395.4605
658.8045
1061.4
657.276
1016.965
923.3148
978.8599
746.4511
634.9912
853.5611
770.1625
1189.685
1098.011
1028.204
980.6857
1180.991
1192.903
1351.737
1136.613
690.0568
658.0652
738.7027
999.3808
638.6356
552.7335
556.8049
729.4107
634.3475
553.5342
618.9377
699.7116
583.4606
436.6474
488.4059
631.5149
1290.744
1016.892
1177.48
937.1364
620.4278
1042.477
880.8959
537.1797
581.2247
545.9351
635.0143
1082.166
792.0898
834.7993
774.0225
949.9498
1184.933
1441.885
886.0368
517.5275
846.3041
784.7197
1219.413
1133.202
1212.767
1173.267
924.9806
927.9171
1180.283
786.1673
863.2291
1018.423
969.2197
636.7397
1032.552
902.5046
952.3643
1064.322
875.9525
1045.774
1023.147
643.7144
1030.758
1195.025
1195.854
1115.323
833.8308
735.942
967.5174
1351.306
1266.852
1142.714
1577.419
1163.124
1372.371
1250.77
1217.078
1246.796
1420.818
1276.405
1104.544
1247.215
951.0014
1148.117
861.7268
1221.689
1135.143
1177.82
837.8004
719.1381
530.1385
862.0617
970.4865
748.0413
1072.052
1048.024
844.5101
885.9359
866.084
897.5325
837.0052
960.7415
901.3707
590.7545
599.5862
969.0347
691.4395
496.0947
502.2351
743.3059
860.742
813.6039
779.4971
738.7928
925.1103
919.1073
1170.817
1030.093
856.358
794.95
885.9815
599.6772
555.6946
726.4951
695.8965
929.3576
824.3246
928.2957
750.5508
864.6444
1099.856
919.2902
833.3372
1459.144
904.7462
1074.143
989.9691
494.6297
433.6397
816.4117
842.6431
858.935
854.2603
1102.506
1119.565
875.5311
934.9697
1284.194
1118.036
1006.614
1087.861
727.4527
495.1128
489.4267
867.5004
789.5397
916.6319
724.4696
1124.333
1322.232
1333.419
1184.452
1531.351
1470.583
853.1745
903.6216
1168.479
712.4102
1590.315
1172.355
931.2754
1299.05
987.6174
750.0454
718.7825
977.2234
1386.519
1366.713
1652.377
1270.234
1213.654
1251.657
642.3796
680.159
724.2055
940.6253
850.4607
1211.377
955.8862
1061.755
750.8283
588.8385
871.4885
619.179
981.177
672.5515
548.9461
810.7102
878.9637
933.0199
763.6284
708.6819
776.5432
733.5669
803.1961
880.3978
790.1301
632.0615
590.1515
418.2312
552.2901
994.9508
1023.434
1063.256
1056.094
1014.3
790.4908
1137.34
988.1266
766.4814
807.5792
902.2945
893.2283
627.5022
825.7562
686.9993
630.5243
815.9831
680.1336
536.8229
567.1189
484.3665
645.5347
771.6928
786.3575
827.5444
795.6732
516.9022
955.2818
643.8278
821.9896
774.0765
876.9565
859.1291
895.5998
799.2319
632.796
416.2874
611.7174
781.6485
940.2702
909.372
1223.285
1066.525
1127.54
1004.616
972.0291
920.2528
1191.94
989.7645
1090.987
1345.597
1097.099
1151.003
947.9464
876.2447
840.0515
746.8108
452.256
554.1008
679.5521
674.1598
553.6492
697.8304
962.1563
740.7162
730.1744
1226.04
1084.35
1061.088
1565.575
1381.437
997.83
790.3411
917.7462
948.13
796.044
1229.905
892.3281
843.8981
922.5198
1048.581
1023.215
922.6987
1003.296
948.4748
811.0279
914.1352
1200.094
851.9019
885.7725
826.606
867.5525
810.5892
495.0839
692.206
632.2363
843.6851
1054.181
1003.287
700.4171
1076.933
601.9282
642.3817
993.6211
828.5156
974.3412
723.2614
999.1501
1383.037
954.6843
1108.189
1223.493
838.0568
635.3273
658.2866
438.4758
578.5356
749.9824
591.7736
552.2646
839.2364
648.257
466.6631
480.3247
417.4629
601.2191
739.13
460.1782
544.5131
371.728
575.0656
668.1322
649.7175
599.5621
773.1301
788.0734
755.4808
871.6743
755.0677
1230.617
1413.287
1146.421
1116.142
884.0474
938.2875
1083.334
1299.897
1061.241
895.1677
1080.092
1196.94
1047.282
955.3849
870.5474
744.3721
710.3769
699.3066
696.165
880.9812
622.1539
855.6688
894.3558
963.8232
928.3897
652.3681
635.296
723.4073
737.0657
739.5328
739.8901
1043.593
655.1112
640.1665
789.4614
487.3448
819.1565
555.5737
597.1928
790.7949
790.3129
1301.078
1113.976
1340.278
911.6512
744.7066
1159.294
1394.097
935.0433
984.9993
1044.212
1301.951
1038.968
852.8347
934.065
986.8037
1305.794
1017.122
1210.777
866.6658
669.6664
1063.242
1499.541
1165.288
988.4341
997.5404
1125.473
976.5417
1076.994
1002.363
1526.036
1120.016
960.3313
1033.762
763.1626
696.11
639.2542
879.3121
1335.79
659.2378
1034.264
847.0204
768.6619
956.7525
894.9551
753.2104
860.3337
1061.751
1083.33
1381.04
1312.48
1058.554
854.39
1006.312
979.2669
638.3333
695.5105
627.5374
637.1907
669.7705
936.1032
858.3604
646.5222
907.9736
1127.308
976.1075
1435.706
1618.597
1185.758
994.5342
1400.331
1173.478
1352.833
1563.846
1272.127
1636.402
1390.257
1342.206
1350.148
1274.604
1140.833
1506.839
1222.315
1158.387
1166.158
700.5845
590.1383
508.183
718.7909
780.1771
617.6719
733.7875
665.2694
805.6236
1023.74
1111.166
1146.741
803.3622
1062.87
855.6585
770.4655
756.8578
1188.483
968.4829
653.0779
426.8557
648.9748
760.0169
1061.596
912.4955
662.0865
772.5846
744.5703
730.7826
1022.795
587.4189
890.9285
1004.123
836.2041
774.2541
771.8946
730.286
783.876
1225.261
984.343
870.5552
898.6981
824.8873
541.3155
685.4411
753.2399
899.9776
861.8092
1088.665
952.6339
635.3087
908.4727
972.1175
921.3659
602.2708
535.7239
874.4843
1381.441
1006.414
803.885
664.0117
603.1656
1047.31
1163.804
885.1292
787.4186
711.1601
980.8036
744.5038
852.9474
932.501
764.6394
736.1426
773.6401
535.5638
835.9201
851.1347
1079.298
837.8851
1245.328
1194.799
1122.714
568.9956
663.3978
749.9688
702.5044
730.5168
1109.737
815.9818
807.8374
687.8185
510.6754
527.0812
347.1243
307.4526
487.2277
634.3872
672.3691
890.9518
870.3544
761.9025
800.3524
670.8534
607.973
1138.649
955.3801
1510.259
1103.593
982.9833
729.3451
807.962
957.6443
1027.302
780.4927
1214.889
844.5482
488.7519
959.8379
886.0007
692.0883
620.5155
612.6062
427.6872
461.9799
605.205
662.2036
785.2066
754.0974
1101.635
1321.081
1232.821
1130.758
1019.453
1218.617
947.2963
1353.886
925.9937
923.3913
1411.87
1191.124
1292.528
1003.312
950.6484
965.1751
932.5818
873.1262
924.9418
1138.786
1122.529
1014.648
730.6363
951.3778
1040.015
1202.059
1308.391
1320.904
929.9793
1251.858
1162.682
1351.598
942.1361
985.7748
937.8359
860.8989
769.9056
743.5411
865.998
1332.492
1308.447
1433.662
1754.65
1014.801
1057.42
863.4816
684.0602
823.5147
900.1299
782.1123
585.4687
590.0795
626.5476
712.6662
953.8886
962.7072
1075.029
1214.848
799.5702
1014.351
865.0343
817.1315
659.6743
565.954
516.2213
595.0845
540.9566
616.7786
615.0918
894.4131
904.8398
1029.001
1044.362
1069.556
1299.597
1259.825
753.2258
1024.925
994.2588
1002.46
840.3703
858.4848
662.4578
465.0191
590.0158
967.3517
947.5821
1254.579
1095.649
1052.415
1551.178
1453.893
800.2784
538.8414
571.2188
897.954
1208.706
987.7083
648.3235
1065.51
1099.157
1215.295
1466.453
1085.442
1183.447
890.5523
733.1303
737.6351
715.8349
743.1234
624.8177
871.0592
879.4665
856.6484
1037.836
844.6279
1382.205
1219.455
714.1722
749.5513
539.0482
873.2662
793.9553
512.4688
453.7195
651.2961
816.8192
616.2809
555.6693
580.368
783.7651
781.4932
1059.198
837.6365
1306.634
1056.128
1167.36
1228.156
1171.12
1429.116
1140.428
1406.681
1028.646
723.3742
703.3847
1148.134
757.4418
822.4528
682.0096
794.6432
539.2395
496.7207
845.3242
835.4655
849.175
625.2963
820.3687
656.4402
827.0961
800.6884
640.0399
630.9246
570.8326
607.3332
803.0737
923.194
627.9969
596.4056
619.099
483.8469
635.8996
446.791
504.0229
679.3089
758.438
849.7054
740.9803
879.7397
1012.828
1127.89
934.5502
734.8996
719.8137
687.291
897.052
1188.226
1072.984
1175.052
823.3281
849.8191
970.6361
776.0755
1151.885
876.4228
1241.112
1356.028
762.646
626.557
748.7416
1037.896
713.0486
1104.951
717.5225
966.9156
750.2799
811.5137
644.1752
693.0125
732.936
779.813
747.5814
1135.771
912.3117
903.5894
995.0971
1115.486
1309.274
974.0214
976.0023
1514.209
1181.533
886.954
1087.815
974.1804
786.8555
1144.888
1120.737
807.953
1120.635
977.8281
1029.816
1079.814
1024.86
1398.413
1098.11
940.0147
1146.938
1040.348
858.354
1005.099
779.4264
769.8454
690.2361
441.3045
545.5726
616.9739
863.5277
741.4607
923.364
817.7031
853.1139
739.7187
655.7619
1074.117
1328.413
999.3809
836.3411
794.0731
1325.334
1425.267
1409.103
1129.884
1026.109
726.1476
1309.868
857.881
1515.965
1153.394
1051.752
1255.954
1148.403
986.8445
847.3793
1344.741
1261.059
1162.903
952.6197
1198.088
1399.48
1205.958
1000.342
1685.779
1817.482
1218.074
1846.607
1944.137
1739.508
950.577
1028.904
857.9516
818.7856
612.5088
536.3978
840.6436
930.3141
1074.973
893.6393
707.452
522.2606
544.2091
649.5916
753.1343
817.1122
905.4745
1230.887
983.6247
1021.43
742.0519
684.458
687.7158
808.1355
1282.78
916.7532
1434.76
1630.036
1359.799
927.1558
1034.151
1047.487
1356.545
1426.885
1511.331
1279.058
1414.441
1712.428
1395.785
1652.161
1305.883
1466.519
1625.479
1093.818
793.7352
754.635
931.6478
543.6687
519.2462
763.3335
507.4415
551.2873
682.6256
750.9535
861.911
722.2273
624.632
754.9696
796.2896
854.116
601.7645
1015.824
995.9348
918.632
1132.586
941.9367
1101.11
655.2421
840.7815
1161.94
1689.239
1231.81
1116.111
1141.127
992.3839
1266.602
1007.151
859.8041
866.6269
1329.492
982.627
1008.955
1479.953
1029.032
1090.837
911.4969
813.5305
857.8075
845.8744
699.6952
1182.263
695.5662
876.1451
503.4481
803.3633
776.8207
558.4385
725.7802
923.6852
1258.664
1188.793
1247.969
1562.97
1481.63
1222.762
1302.358
1452.566
1126.193
1043.226
990.9777
1010.815
1081.427
781.5587
642.2295
931.993
962.0177
693.8127
751.6561
764.0443
845.6913
1251.299
1282.772
1123.822
1181.14
1244.503
1051.191
1093.892
750.5364
829.7219
720.0522
615.3987
695.6449
938.0911
890.1508
678.8931
703.2991
557.3913
866.1239
1001.718
568.0622
914.863
1445.173
1235.274
843.8411
974.5154
813.7513
509.4453
818.1035
1184.63
776.7821
934.9845
831.7185
1148.083
1439.283
780.6685
702.8632
991.5949
652.721
505.1208
500.8867
634.4589
778.946
712.2987
478.2796
870.8459
744.3328
764.4028
566.5104
587.1223
748.5157
1047.16
1022.707
1146.812
879.4315
737.325
715.702
665.5044
765.463
957.4771
1003.728
1103.293
634.5733
605.0697
756.9887
1042.324
886.2477
1165.217
1109.09
1205.21
1051.039
1144.746
1423.154
1056.444
1068.179
1272.239
1103.384
724.793
805.6236
658.5425
548.5429
574.5691
788.619
802.1557
871.5458
1257.575
853.2405
667.7345
853.9822
863.7251
1139.371
925.9588
959.8969
971.1577
1050.641
998.1619
1493.92
858.7427
927.3657
626.8365
786.5113
1340.555
1348.873
1507.893
991.09
777.0161
941.7213
927.6439
1292.513
985.2827
1319.66
1115.78
1154.745
1100.454
845.7933
1381.632
1206.428
1147.496
1231.222
1116.531
1318.706
1007.297
805.3411
794.6314
773.2443
1239.759
977.8472
956.959
778.7144
778.3971
1090.047
765.8149
729.8478
1007.373
1355.041
1099.058
1234.269
999.5741
929.5953
688.3471
1014.515
1095.04
1229.238
1035.94
550.6579
859.7951
816.0241
1068.736
893.4925
832.0483
741.3339
796.6907
856.968
1060.589
778.7234
690.3715
1009.53
708.8647
733.0769
776.4911
774.5014
561.6275
694.2808
662.2004
813.4838
1038.141
909.839
666.1256
865.8052
1077.545
1227.559
1011.642
1243.719
1002.841
1127.317
1281.932
1082.195
1599.837
1149.797
862.4953
1032.057
1434.647
1001.913
1040.162
898.4723
1196.938
1009.187
755.8425
928.8016
943.5381
1312.507
1059.245
772.2227
996.4598
1169.812
1140.722
1214.206
1176.608
1273.037
908.6556
862.2581
791.7424
635.3075
486.5142
670.2318
805.9786
1130.194
934.792
1032.655
1246.393
1115.89
1131.793
870.2174
1216.999
1296.751
781.5527
1093.572
1103.598
1139.724
1292.483
1207.232
970.8354
994.1274
1153.884
1194.293
1077.973
1427.848
1539.732
1387.595
977.5123
971.0663
1353.161
1216.331
1391.477
1405.033
1064.98
969.4915
1346.751
1127.089
963.7642
701.2167
1115.508
737.4528
900.4915
721.1143
678.9254
935.9095
889.1241
1337.074
1673.925
1761.269
1231.507
1012.797
887.635
942.6895
658.0872
718.2715
723.8444
883.9609
863.9598
914.5262
1077.165
1061.773
1298.518
1262.343
774.0286
765.4858
918.3946
770.6913
920.3756
1034.583
966.7752
749.0046
619.7625
811.6159
613.4828
749.9963
864.6533
808.8973
623.0594
407.1452
548.5118
701.0695
758.0848
802.5762
722.5822
804.7395
1009.235
1292.427
910.2538
886.9716
543.0283
444.4123
515.5707
776.4991
784.3999
1012.156
1183.964
1133.593
1108.336
746.43
831.2417
959.2884
740.1822
1101.24
932.8339
1008.52
823.0652
1416.13
1120.913
1051.999
986.9277
1154.529
1091.979
894.1663
863.0887
839.9386
834.5316
1052.238
1412.314
995.7306
836.7211
657.0883
844.2024
931.8239
772.2684
813.3663
1268.951
1704.79
974.2882
1156.81
950.7211
928.2597
880.8101
1092.779
1309.368
1232.66
1256.34
1066.099
1322.867
1025.204
1096.907
850.2638
750.3473
943.3546
1033.455
879.4422
796.5775
667.3722
663.4837
407.2808
576.2823
1051.114
1124.264
1328.877
1079.95
1281.156
1136.505
1151.474
1134.59
978.467
982.2156
1274.86
1104.194
1102.315
1301.938
915.9816
966.9053
692.5434
665.521
1019.347
1042.642
1420.471
1011.299
1010.063
1239.793
1204.231
729.9963
585.1617
743.7949
681.7314
517.4453
489.3368
658.9897
717.5429
615.5604
590.0954
924.9307
713.9178
827.0888
700.1
735.5272
495.225
373.3221
384.4945
477.0768
551.1701
480.9189
759.0564
924.6356
758.9887
826.1022
692.8553
639.1825
772.6891
1063.054
1111.619
1401.302
1325.746
1293.483
1523.701
1452.922
1238.308
1275.051
1327.327
1485.467
1090.733
762.0285
610.0593
575.6039
618.8446
733.1324
931.7871
703.3743
1311.772
1482.856
965.5529
685.0029
648.4849
707.5441
765.4609
1102.386
970.7464
1144.284
1449.179
1189.175
1257.891
969.4162
1337.254
1060.807
978.3137
1021.056
914.1372
946.267
735.7634
841.083
1196.393
572.4425
626.4539
805.8818
868.2587
916.3566
793.0101
841.0393
1074.235
1036.043
1377.983
1321.42
800.6414
785.5973
889.3356
842.1607
667.2065
883.4377
893.5045
935.6026
1072.534
1217.893
1017.62
684.8414
1117.083
903.1536
1003.809
938.347
520.1795
811.5573
957.9345
882.885
1039.395
1328.46
885.5141
1308.503
1100.212
1043.688
1193.466
1032.645
1146.644
1239.673
1134.175
1226.373
891.8556
950.0725
947.4447
1091.609
1738.758
1255.481
913.2523
824.1472
1530.148
901.1105
1377.291
1417.331
